0.999789640905906 0.000103431534612227 0.000106927559481962
0.999785941341399 0.000106009490917801 0.000108049167683383
0.999777707153367 0.000108677801516545 0.000113615045116248
0.999791996932418 0.000108165174931281 9.98378926505564e-05
0.999774797289547 0.00011058651921372 0.00011461619123954
0.999785803330481 0.000106076022011047 0.000108120647508466
0.701227496283307 0.298667510695229 0.000104993021463592
0.999793156992528 0.00010480930534944 0.000102033702122349
0.999785841820329 0.000106091450303683 0.000108066729367116
0.999782939004739 0.000109585275815459 0.000107475719445856
0.999800362831573 0.000103621367047096 9.60158013793964e-05
0.999793100356359 0.000104858717794104 0.000102040925846423
0.999793135195684 0.000104827626988301 0.000102037177327549
0.999773661954524 0.000111134125757636 0.000115203919718557
0.999785662731078 0.000106138653015213 0.000108198615906257
0.999790116705779 0.000104532877926423 0.000105350416294238
0.9997930686595 0.000104861886970176 0.000102069453529729
0.999776846187128 0.000108939569978085 0.000114214242894159
0.999776778515658 0.000108958959287684 0.000114262525054038
0.999793132300572 0.000104829623155092 0.000102038076273068
0.999795969233345 0.000102587572948857 0.000101443193706466
0.999785845124098 0.000106089240532664 0.000108065635369457
0.99978584183664 0.000106050695272872 0.000108107468087381
0.999785838802569 0.000106051389473566 0.000108109807957199
0.999793024743859 0.000104884528134096 0.000102090728006769
0.999785325456291 0.000106266750308063 0.000108407793400595
0.999783178212595 0.000109467202510806 0.000107354584893986
0.999785892050669 0.000106051794045355 0.00010805615528579
0.999785628350672 0.0001061667175966 0.00010820493173189
0.999793028943747 0.000104881610351538 0.000102089445901331
0.999789693563926 0.000104624855406542 0.000105681580667528
0.999790656283854 0.00010894783592451 0.000100395880221402
0.999777179196782 0.000108837028311602 0.000113983774906529
0.999793075568372 0.00010484346379193 0.000102080967835775
0.999736787188149 0.000167161900764701 9.60509110866304e-05
0.999793021864899 0.00010488660295772 0.000102091532143542
0.999785653732054 0.000106143271881372 0.000108202996064599
0.999786187372783 0.00010598132491917 0.000107831302297331
0.999793130779138 0.00010482971591164 0.000102039504950309
0.999786546137909 0.000107216686932962 0.00010623717515814
0.999793100320036 0.000104858883980674 0.00010204079598374
0.999800427125005 0.000103561598154787 9.60112768403585e-05
0.99979309538372 0.000104861358174312 0.000102043258105735
0.999785894514352 0.000106051085445132 0.000108054400203139
0.999793099843865 0.000104859667311859 0.00010204048882303
0.999785850988021 0.000106027473694658 0.00010812153828426
0.9997929854139 0.000104873924688062 0.000102140661411841
0.999246127317923 0.000652025558636831 0.000101847123439898
0.999777550165013 0.000108777694255226 0.000113672140732064
0.999785805111444 0.00010607512780029 0.000108119760755256
0.999800355081384 0.000103595730106241 9.60491885096285e-05
0.99978591405483 0.000106033931355844 0.000108052013813877
0.997963828221018 0.00192880396306897 0.00010736781591339
0.999785889502471 0.000106052990541559 0.000108057506986977
0.999784148949578 0.000107708555098301 0.000108142495324081
0.999777517454141 0.00010862222670871 0.000113860319150315
0.99978597956158 0.000105994085096312 0.000108026353323741
0.999785802219969 0.000106076896668387 0.000108120883362553
0.999793093590018 0.000104862433505991 0.000102043976475713
0.999785886794821 0.00010605493286372 0.000108058272315131
0.999777798370746 0.000108657009083264 0.000113544620170557
0.999785868799122 0.000106063511315756 0.000108067689562496
0.999793093179607 0.000104862938215324 0.000102043882177583
0.999786286748903 0.000107407812751531 0.000106305438345471
0.999793081507199 0.000104853423634351 0.000102065069166907
0.999785761594918 0.00010611171589318 0.000108126689188448
0.999800347241014 0.000103632650722154 9.60201082642587e-05
0.99978584964345 0.000106087514110977 0.000108062842439319
0.999787318533718 0.00010918859471126 0.000103492871570719
0.999788902882352 0.000103699663376329 0.000107397454271504
0.999792963499308 0.000104919325499389 0.000102117175192826
0.999793590300055 0.000104578300933281 0.00010183139901212
0.999785920074827 0.000106030672977371 0.000108049252195684
0.999789438823332 0.000103479453374828 0.000107081723292986
0.999786297967109 0.000107401376539373 0.000106300656351212
0.999785763347285 0.000106110474449195 0.000108126178265481
0.999768579608893 0.000114211976011607 0.000117208415094967
0.999782861669082 0.000109578900720609 0.000107559430197893
0.999793643594493 0.000104991428394579 0.000101364977111996
0.999783008685398 0.000109556650659605 0.00010743466394244
0.999793099457948 0.000104859359221282 0.000102041182830811
0.999785845897659 0.0001060887205876 0.000108065381753036
0.999777284832192 0.000108779018150386 0.00011393614965761
0.999777590788064 0.000108766268148053 0.000113642943788226
0.999793093645633 0.000104862339185746 0.000102044015181003
0.9997861803287 0.000105890460790427 0.000107929210510033
0.999785926578742 0.000106036952660356 0.000108036468597421
0.999777655545322 0.000108696485676461 0.000113647969001724
0.999777262867552 0.00010867594351772 0.000114061188930835
0.999793090201102 0.000104864862743724 0.000102044936154544
0.999785884125214 0.000106055398390887 0.000108060476395218
0.99979302860967 0.000104881807589623 0.000102089582740458
0.999787161382715 0.000106383197860075 0.000106455419424871
0.979513543066572 0.02038435934839 0.000102097585038148
0.999778659610358 0.000107538612961181 0.00011380177668068
0.999785851604556 0.000106086291986554 0.000108062103457461
0.999777182584779 0.000108840986475943 0.000113976428745558
0.999785999599839 0.000107263155521709 0.000106737244639711
0.999800327795605 0.000103623111256554 9.60490931381989e-05
0.999787671282816 0.000107648555076023 0.000104680162107906
0.999769068118266 0.000114241107755533 0.000116690773978814
0.999785850847698 0.000106086720137685 0.000108062432164734
0.999777568350265 0.000108773354947532 0.00011365829478772
0.999800166496574 0.000103714469812401 9.6119033613706e-05
0.999793189036633 0.000104783130117099 0.000102027833249798
0.999785802598974 0.000106076707701411 0.000108120693325032
0.999771148578878 0.000117442999897841 0.000111408421224091
0.999777788083965 0.000108630693130607 0.000113581222904464
0.9997922519178 0.000108061849854023 9.9686232346288e-05
0.9960988053308 0.00380037585553081 0.00010081881366931
0.999785896009644 0.000106049976663752 0.000108054013692456
0.999043953588325 0.000848013466256499 0.000108032945418337
0.996463834287779 0.00342207256838982 0.00011409314383103
0.999785805909466 0.000106074640047485 0.000108119450486092
0.99980032163835 0.000103637970478571 9.60403911714362e-05
0.999800656049033 0.000103419319973316 9.59246309940458e-05
0.999789403600842 0.000103487025371647 0.00010710937378672
0.999777141380531 0.000108853536238594 0.000114005083230721
0.979040386215821 0.0208516983603577 0.000107915423821749
0.99978576038521 0.00010611251777003 0.000108127097019889
0.999795964625529 0.000102589940014443 0.000101445434456822
0.9997859409109 0.000106014908720283 0.00010804418037938
0.999788572968165 0.00010382788632288 0.000107599145511726
0.999793154999625 0.000104778003626558 0.000102066996748776
0.999786501038 0.000107231619139377 0.00010626734286024
0.973511111303497 0.0263834529949838 0.000105435701519697
0.999793105368107 0.000104855989374073 0.00010203864251901
0.99978587328115 0.000106061103601792 0.000108065615247731
0.886768444532323 0.113123901810233 0.000107653657443418
0.999793028965091 0.000104881595942272 0.000102089438966365
0.999786502019877 0.000106245738330203 0.00010725224179268
0.999793498218633 0.000101921659765053 0.000104580121601656
0.999785846217261 0.000106088538525432 0.000108065244214095
0.949425329543016 0.0504666342708513 0.000108036186132663
0.999786263927321 0.000105852871072896 0.000107883201606624
0.999785918927365 0.000106041088987149 0.000108039983647525
0.979854933859547 0.0200301606281892 0.000114905512264217
0.999785794363565 0.000106079900640608 0.000108125735794709
0.999792900510849 0.000104943011072577 0.000102156478078807
0.999794553443158 0.000106122208874774 9.93243479675544e-05
0.999786247116816 0.000107287697939053 0.000106465185245191
0.999785765735792 0.000106109128543682 0.000108125135663954
0.999793094826471 0.000104861756361594 0.000102043417167843
0.999785951851905 0.000107479943422025 0.00010656820467295
0.999788909700104 0.000103714390785695 0.000107375909109924
0.999785255805269 0.000107647398518485 0.000107096796212479
0.999785896486304 0.00010604964940123 0.000108053864294558
0.999781086019188 0.000105887246748392 0.000113026734064044
0.999785806100656 0.00010609177604859 0.000108102123295311
0.99977754705084 0.000108778737852026 0.000113674211307881
0.999785746536183 0.000106118586405988 0.000108134877411453
0.999785890424652 0.000106052590764686 0.000108056984583338
0.999785882241121 0.000106056431920588 0.000108061326958738
0.999793136611035 0.000104826705603308 0.000102036683362031
0.999785226917323 0.000107650561075814 0.000107122521601726
0.99979309241898 0.000104863228361089 0.000102044352658919
0.999786372022757 0.000107334253214013 0.000106293724029087
0.999792948241367 0.000104909010970716 0.000102142747662737
0.998461572317621 0.00143639055712888 0.000102037125249828
0.999786293970532 0.000107403548939925 0.000106302480527944
0.999776397238051 0.000109005857312417 0.000114596904636355
0.999777392920108 0.000108696025392112 0.000113911054500134
0.999785749989471 0.000106117343977047 0.000108132666551573
0.999785785290091 0.000106098224402972 0.000108116485505928
0.819390903897449 0.18050693420607 0.000102161896481195
0.998791364836083 0.00110057497395587 0.00010806018996092
0.294877058942501 0.705020366325936 0.000102574731563109
0.999785849756373 0.000106087485443141 0.000108062758184006
0.999785896413803 0.000106049709599851 0.000108053876597498
0.99900132240828 0.00089041091272404 0.000108266678995501
0.999800208519278 0.000103703992571993 9.60874881495384e-05
0.96625767988639 0.0336282395485924 0.000114080565017696
0.99979277939444 0.000104976928233144 0.000102243677327169
0.688750538984442 0.311147212115432 0.00010224890012676
0.998511401978052 0.00138141864115083 0.000107179380797597
0.999785888201916 0.000106054065260836 0.000108057732823494
0.999785166279133 0.000106987626983276 0.000107846093883966
0.999785764246027 0.000106110040238713 0.000108125713734097
0.992993855346729 0.00690405141590163 0.000102093237369563
0.997989538967099 0.00190227767012157 0.000108183362779605
0.999785786310626 0.000106044895637138 0.000108168793736755
0.996600279894685 0.0032916506487699 0.000108069456545173
0.908815305828846 0.0910885166455321 9.61775256217968e-05
0.999788860062079 0.000103747962216348 0.000107391975704332
0.999785830134793 0.000106055186560303 0.000108114678646704
0.99832054316453 0.00157740959019294 0.00010204724527714
0.999792196280046 0.000108114190288855 9.96895296653978e-05
0.999786407995081 0.000107319837708222 0.000106272167211069
0.999800075193718 0.000103751663777613 9.61731425046812e-05
0.99979302146991 0.000104885594535797 0.00010209293555427
0.999768435978084 0.000114346581817738 0.000117217440098283
0.975530390356044 0.0243632017136009 0.000106407930354827
0.999776983218025 0.000108830440384109 0.000114186341590901
0.99979309002588 0.000104864993081111 0.000102044981038715
0.95298463103347 0.0469073161102659 0.000108052856264562
0.999789404342321 0.000104756584101183 0.000105839073577802
0.999786293629344 0.000107403760278329 0.000106302610377647
0.999792771090155 0.000104981072479335 0.00010224783736595
0.99978577095243 0.000106106832471494 0.000108122215098624
0.999793119607618 0.00010480378403895 0.00010207660834325
0.999793067660951 0.000104862633673662 0.000102069705375736
0.999782768785014 0.000109629120551849 0.000107602094433622
0.99978464031682 0.00010667834767241 0.000108681335507382
0.999785840600955 0.00010609214105904 0.000108067257986003
0.999785609076639 0.00010617516781486 0.000108215755545975
0.971690325838516 0.0281948488068507 0.000114825354632825
0.999798716293572 0.000100392390356249 0.000100891316071849
0.99977388279897 0.000111043930189209 0.000115073270840434
0.999786253613204 0.000107421888290196 0.000106324498505783
0.999785839397938 0.000106093127959372 0.000108067474102741
0.999786282487934 0.000107410317689843 0.000106307194376251
0.999793160922087 0.000104802254173502 0.00010203682373917
0.999765369657574 0.000112279277090761 0.000122351065335502
0.999785743234477 0.000106120259882775 0.00010813650564012
0.999785753496447 0.000106116209876832 0.000108130293676537
0.99979305716096 0.000104853533957938 0.000102089305082382
0.999793089667004 0.000104865162912072 0.000102045170083571
0.936144095115978 0.0637484003034299 0.000107504580592634
0.391031134755513 0.435022586148809 0.173946279095678
0.997975932278235 0.00192198376776818 0.000102083953996731
0.98707844656925 0.0128200790697467 0.000101474361002896
0.999785787440739 0.000106096758114386 0.000108115801146693
0.999785797627264 0.000106078227849291 0.000108124144886299
0.99979312969446 0.000104830341230339 0.000102039964309297
0.823153072423011 0.176734091152767 0.000112836424222118
0.999785771222366 0.000106106648830259 0.000108122128803672
0.972073847761899 0.000111929688426885 0.0278142225496743
0.997226032475412 0.00266590873806959 0.00010805878651874
0.999786273017788 0.000107413476328711 0.000106313505883188
0.999785749642976 0.000106117473573196 0.000108132883451305
0.999785849614352 0.000106087589674061 0.000108062795973471
0.332081146442078 0.66507021847654 0.00284863508138215
0.719566933689119 0.280314242172385 0.000118824138495398
0.999795960473083 0.000102591815096304 0.000101447711820304
0.995892031089417 0.000110884186102498 0.00399708472448068
0.999785791307342 0.000106081995943444 0.000108126696714554
0.999776392991843 0.000110716431340889 0.000112890576816045
0.999761276538195 0.000112971878515329 0.000125751583289554
0.999785886987748 0.000106054801434311 0.000108058210817547
0.999785698565928 0.00010611575333688 0.000108185680734629
0.998118397651619 0.00177356336312578 0.000108038985254807
0.999785887096395 0.000106054557684554 0.000108058345920436
0.999785751407893 0.00010611663003763 0.000108131962069342
0.852849263303696 0.140727237977005 0.00642349871929823
0.782068103322305 0.217823847855664 0.000108048822030487
0.99979306938687 0.0001048478663792 0.000102082746750663
0.999155913635059 0.00074195210698206 0.000102134257958907
0.999795895255118 0.000102610689706951 0.000101494055175294
0.862765455900508 0.137132413736039 0.000102130363453249
0.999785638165549 0.000106150600502461 0.000108211233948975
0.999318362585001 0.000106115285952569 0.000575522129046745
0.999782868605504 0.000109645458371209 0.000107485936125155
0.94926836152742 0.0506183945862395 0.000113243886340006
0.999782989263468 0.000109618243606412 0.000107392492925184
0.999785804598651 0.000106092632344248 0.000108102769005196
0.99979313419171 0.000104828394543103 0.000102037413747262
0.979987126721446 0.0199072934412207 0.000105579837333424
0.887328641994019 0.112563091273582 0.000108266732398931
0.953943301723275 0.0459440998351503 0.000112598441574357
0.999785846009256 0.000106088654237965 0.000108065336506163
0.749082602018011 0.138228792143555 0.112688605838435
0.767918045802169 0.231985585983936 9.63682138954643e-05
0.148611998432176 0.0628680257805451 0.788519975787279
0.999547993122778 0.000349915676305924 0.000102091200916128
0.999786265569704 0.000107415290291174 0.000106319140004897
0.9993570160288 0.000104868928036438 0.000538115043163948
0.999773552318958 0.000111150076379051 0.000115297604663348
0.999796152076551 0.000105449968764625 9.83979546840885e-05
0.946428118864091 0.0132890991342883 0.0402827820016206
0.999785700853193 0.000107564855894441 0.000106734290912139
0.300518462403224 0.699371497776504 0.000110039820272534
0.999785810567543 0.000106073054309855 0.000108116378147077
0.893356988463818 0.000105341379585105 0.106537670156597
0.999793094468757 0.000104862366606257 0.000102043164637054
0.646515965608877 0.189508385457107 0.163975648934016
0.950204140793043 0.049693744397647 0.000102114809310178
0.999785601397553 0.000106135110284034 0.000108263492163242
0.993777857099553 0.00612624770954011 9.58951909071737e-05
0.973540495348612 0.0253988215362848 0.00106068311510342
0.989005150901291 0.0108810265036435 0.000113822595065692
0.986303546297931 0.000104959274612484 0.0135914944274563
0.999790604809269 0.000107353591294043 0.000102041599436708
0.999793020437232 0.000104886120976228 0.00010209344179157
0.926632418672408 0.0433074017838645 0.0300601795437275
0.999789087106114 0.000103653755788261 0.00010725913809734
0.999773828026836 0.000111095784070644 0.000115076189093396
0.80392726015286 0.000104659109653503 0.195968080737486
0.962837791808938 0.0370558208842457 0.000106387306816285
0.607686878579409 0.178386362753422 0.213926758667168
0.980303118428869 0.0195885988457099 0.000108282725421084
0.999785749166778 0.000106118019421845 0.000108132813799775
0.999269948189246 0.000622899386814763 0.000107152423939662
0.263897390930056 0.735992499983537 0.000110109086406902
0.999786278368551 0.000107411803423793 0.000106309828024942
0.985812656067223 0.0112348981639652 0.0029524457688117
0.999785849639643 0.00010608756808853 0.000108062792268286
0.999781609881993 0.000105850346555169 0.000112539771451484
0.889729489638059 0.110161982663868 0.000108527698072682
0.257636242509198 0.742261191718597 0.000102565772205156
0.999793029384148 0.000104881352469049 0.000102089263383317
0.981254470859461 0.0167372419872936 0.00200828715324528
0.622802745718269 0.377089158568324 0.000108095713407059
0.999773599238385 0.000111078683507318 0.000115322078107894
0.901001121148439 0.0988917854472247 0.000107093404336658
0.999773497444924 0.000111212362548824 0.00011529019252729
0.942619654405239 0.000104758639058525 0.0572755869557021
0.999774828637851 0.000110566641439968 0.000114604720709349
0.611674009099479 0.290340505666612 0.097985485233909
0.992469554396024 0.00742839720712489 0.000102048396850783
0.439645635749257 0.560242887753282 0.000111476497461025
0.999137811002596 0.000104833974005142 0.000757355023398955
0.972998192170164 0.0247988982281791 0.00220290960165726
0.986594537226816 0.0133094280320812 9.60347411025858e-05
0.999800319883572 0.000103660192932696 9.60199234954633e-05
0.835630072087488 0.164263344337909 0.000106583574602821
0.999790864684226 0.000104974558568669 0.000104160757204991
0.999785586284469 0.00010750527462184 0.000106908440908809
0.999785842492883 0.000106091165077961 0.000108066342039152
0.982942253054645 0.0169442390813077 0.000113507864047484
0.136215012836158 0.863672210592641 0.000112776571201312
0.045336485106559 0.954559870488297 0.00010364440514384
0.999773939715316 0.000111002944106818 0.000115057340577552
0.914664766160618 0.0849148670225163 0.000420366816865326
0.800825700658287 0.000105832782431677 0.199068466559281
0.999785892863654 0.00010606618336375 0.000108040952982028
0.940325781950982 0.0577153881687643 0.00195882988025394
0.560074653383504 0.439814143093252 0.000111203523243935
0.9954949130369 0.00023600690877176 0.00426908005432825
0.99978575489638 0.000106114401966169 0.000108130701653993
0.231854258000318 0.768048561152436 9.71808472461599e-05
0.979482384995422 0.0204095427491305 0.000108072255447811
0.997036515297564 0.000102658802413253 0.00286082590002285
0.632180629119273 0.000107043707327899 0.3677123271734
0.222220922364356 0.777674931021604 0.00010414661403977
0.999777346940859 0.000108736863631355 0.000113916195509347
0.685898474892623 0.313999220344153 0.000102304763223788
0.42929167402633 0.567922973143026 0.00278535283064421
0.995939328545118 0.00395260129361174 0.000108070161270347
0.411913633955385 0.489447773149111 0.0986385928955037
0.943853302240379 0.056033216778584 0.000113480981036608
0.998169404980166 0.0017220415893824 0.000108553430451349
0.0322354870963188 0.732576855522513 0.235187657381169
0.311881739017223 0.688010237545205 0.000108023437572742
0.961766102922337 0.0381257813322483 0.000108115745415124
0.622142523771747 0.377739534497308 0.000117941730945645
0.638202772677513 0.282153644920076 0.0796435824024109
0.982492890221189 0.0174050002014713 0.000102109577340191
0.866256214369911 0.133635569831759 0.000108215798330329
0.999793088964033 0.000104840422521285 0.00010207061344593
0.987467145740359 0.000104923892926277 0.0124279303667149
0.737593413893649 0.262294425089785 0.000112161016566161
0.672823800987652 0.297155254487204 0.0300209445251441
0.707519254638114 0.287816225233035 0.00466452012885068
0.273101001230974 0.72679097684248 0.000108021926545887
0.999788949297395 0.00010371061991428 0.000107340082690845
0.113771888790135 0.53407872611633 0.352149385093535
0.519299424718562 0.480573300718494 0.000127274562944294
0.997149459268366 0.00274846733481124 0.00010207339682284
0.0121724822380251 0.987724738670307 0.000102779091667739
0.783659578635029 0.0384610257805046 0.177879395584466
0.999775239240914 0.000110983663700393 0.000113777095385242
0.889275150220394 0.0286219450115846 0.0821029047680209
0.949041774343762 0.0508529116338586 0.000105314022379413
0.129313125871561 0.101940695649876 0.768746178478562
0.577228360951338 0.420830161395645 0.00194147765301652
0.865062375005764 0.134835390429956 0.000102234564280188
0.999800341148118 0.000103636494504516 9.60223573774012e-05
0.666804856234779 0.329624999156854 0.00357014460836686
0.621018403563861 0.133204851683016 0.245776744753123
0.549903365415269 0.449985388361709 0.000111246223022396
0.0786154506030892 0.847807011255361 0.0735775381415495
0.985312059557087 0.0145858937831228 0.000102046659789741
0.991605142433474 0.00828206878760751 0.000112788778918194
0.286348292435886 0.711822668950264 0.00182903861384974
0.502434076471555 0.497449235207808 0.000116688320636736
0.2510731588333 0.748822803955705 0.000104037210995058
0.889548817130314 0.110355163909017 9.60189606686121e-05
0.535725835210962 0.464164919517828 0.000109245271210416
0.963920757214699 0.0359731056479848 0.000106137137316487
0.33632307806459 0.621536175696825 0.0421407462385859
0.996827097471617 0.00306558445656282 0.000107318071819931
0.529500355689059 0.454852905491831 0.0156467388191095
0.110092781575991 0.889803124336341 0.000104094087667977
0.90494809685344 0.0949557205555618 9.61825909985143e-05
0.297055578358728 0.701750710608372 0.00119371103290019
0.0126814764951458 0.987210509234898 0.00010801426995599
0.264562794717559 0.735332916376351 0.000104288906090156
0.50249972349431 0.000108012356568324 0.497392264149121
0.594146053388529 0.397143835938872 0.00871011067259813
0.665416027413791 0.334481650518404 0.000102322067804272
0.982095342467461 0.0172170557876993 0.000687601744839704
0.000116253703143141 0.00011281204932164 0.999770934247535
0.000113529222109718 0.999781066429233 0.000105404348656922
0.896988601951093 0.0103404487160455 0.092670949332861
0.753357275074286 0.2460099886543 0.000632736271413846
0.339574052889377 0.660315795225241 0.000110151885382233
0.194563923251081 0.751829743333971 0.0536063334149472
0.000114602318576671 0.146572746470086 0.853312651211338
0.20217084495421 0.797719444700766 0.000109710345024086
0.612138222036622 0.387753678973708 0.000108098989669299
0.0718048922165104 0.827625273626547 0.100569834156943
0.177589748083967 0.820208568211707 0.00220168370432608
0.816398018255432 0.143872272217195 0.039729709527373
0.297559851492078 0.596482037221114 0.105958111286808
0.000107891241298318 0.999779872651917 0.000112236106784914
0.949235429748433 0.0506512885032862 0.000113281748280472
0.463829593524442 0.533668506061955 0.00250190041360252
0.999785887984587 0.000106054211977842 0.000108057803435222
0.944146113633578 0.0557281226692108 0.000125763697211002
0.995177244022929 0.000111036129967966 0.00471171984710274
0.731660542438514 0.240025865253117 0.0283135923083695
0.000104026244894398 0.999785254686609 0.000110719068497035
0.764574752089146 0.23531720204568 0.000108045865174537
0.982881685254638 0.00843191425524755 0.00868640049011491
0.562419202158125 0.415836194543926 0.0217446032979483
0.440021108769684 0.520584998423017 0.0393938928072991
0.0156917315767354 0.515371166757642 0.468937101665623
0.935521187804201 0.0499634919958001 0.0145153201999991
0.47040557909082 0.11603148804423 0.413562932864949
0.00010222916656306 0.989987819275289 0.0099099515581474
0.760982276966401 0.238909527107386 0.000108195926213239
0.846431125197415 0.0949421658594763 0.0586267089431083
0.177166433568272 0.822723877234726 0.000109689197002603
0.815047253878367 0.184844845268397 0.000107900853236507
0.953681856951446 0.0462037846298669 0.000114358418687191
0.819636001595897 0.150895759038369 0.0294682393657347
0.999793026787905 0.000104882935832992 0.000102090276262354
0.512908722882153 0.0314982089922945 0.455593068125553
0.260400551842228 0.410937396990466 0.328662051167306
0.292897038771562 0.488128322640336 0.218974638588103
0.0208863649016498 0.977523669047328 0.00158996605102206
0.338549962708575 0.636166359313488 0.0252836779779366
0.678437117236465 0.321451070456219 0.000111812307315859
0.318527174959886 0.0648817891402851 0.616591035899829
0.666388555708273 0.000106829604391833 0.333504614687336
0.807397839916455 0.0145575815788642 0.178044578504681
0.906036671316411 0.0515718216329924 0.0423915070505964
0.000106796596411019 0.981445472496993 0.0184477309065958
0.0326321958565166 0.96725808306427 0.000109721079213132
0.984894247233188 0.0150036529864789 0.000102099780332969
0.648236668744054 0.279512094319174 0.072251236936772
0.957123985065071 0.00239458624730544 0.0404814286876238
0.74260478411507 0.257289201109056 0.000106014775873886
0.232885700223779 0.659715912764428 0.107398387011793
0.000108265211611587 0.963485920014235 0.0364058147741529
0.787766749011914 0.212065420261696 0.000167830726389774
0.703624195134798 0.0257106165524811 0.270665188312721
0.0078796142231414 0.96890835246844 0.0232120333084181
0.445701184777722 0.554029343319432 0.000269471902845433
0.265177276662515 0.641501006226743 0.0933217171107416
0.428713848672614 0.571183712608934 0.000102438718451704
0.808384602459331 0.191513228144094 0.000102169396574836
0.115534949506546 0.036186267962831 0.848278782530623
0.000110625694353578 0.280240257000486 0.71964911730516
0.81006917885665 0.189825365986934 0.000105455156415946
0.0100767827315871 0.832603392300617 0.157319824967795
0.999784314164654 0.000107840752759849 0.000107845082586392
0.148694727679404 0.556745941669911 0.294559330650685
0.182161629219959 0.742019551201415 0.0758188195786267
0.114018642944682 0.885883125501905 9.82315534134718e-05
0.0676180844650299 0.930024453038661 0.00235746249630905
0.947969322962297 0.0519286003059023 0.000102076731800324
0.421044623804267 0.578852931723858 0.000102444471874997
0.457152427828936 0.440820031977719 0.102027540193345
0.00645285327438772 0.99343910326649 0.000108043459121819
0.000106624260109566 0.932893623797757 0.0669997519421332
0.000104111307375102 0.99500241360599 0.00489347508663493
0.383918656158928 0.570806581075147 0.0452747627659247
0.999785677751923 0.000106121039755814 0.000108201208321423
0.000105375290736603 0.999791156560254 0.000103468149009115
0.000105237058945323 0.999785398298064 0.000109364642990623
0.454451098191141 0.431167726131744 0.114381175677115
0.00965876767501739 0.990238475278355 0.000102757046627292
0.0688011947489274 0.93110135527822 9.74499728521452e-05
0.784667652303166 0.209983584041493 0.00534876365534178
0.00812601295570427 0.944857644604552 0.0470163424397438
0.476208920211529 0.523688681367913 0.000102398420558388
0.578099481671269 0.414119762351703 0.00778075597702823
0.162091197255481 0.129510131567597 0.708398671176922
0.000116124818284189 0.000112814684478007 0.999771060497238
0.000110117947259316 0.983276915360667 0.0166129666920734
0.222440706247957 0.770743543598017 0.00681575015402643
0.000106734683592803 0.999785092134516 0.000108173181891373
0.000105267188462943 0.998198563409003 0.00169616940253391
0.963882563097935 0.0268410446155646 0.00927639228649999
0.382292898031329 0.501887563337196 0.115819538631476
0.155488363435388 0.453540589680108 0.390971046884504
0.980280140744795 0.000106061734127799 0.0196137975210772
0.100345761167943 0.783666562377059 0.115987676454998
0.000106627069746312 0.93951447190267 0.0603789010275841
0.000108025770688398 0.999789090300071 0.00010288392924047
0.517486468784769 0.480154168662303 0.00235936255292781
0.114233480797369 0.885660840598244 0.00010567860438719
0.468757193704201 0.0456516268810529 0.485591179414746
0.03922846673926 0.364671580526899 0.596099952733841
0.408341464699716 0.591553760526206 0.000104774774077749
0.000105092441281219 0.844931567523979 0.15496334003474
0.0693310361287575 0.930565068831858 0.000103895039384548
0.829532237787294 0.135427236244822 0.0350405259678839
0.207745593276949 0.767689637909942 0.0245647688131086
0.928762038402501 0.0695580105131283 0.00167995108437026
0.835353917144253 0.0735062499133974 0.0911398329423492
0.1067946899527 0.59229493925224 0.30091037079506
0.000104931354745969 0.851376050336778 0.148519018308476
0.000105263463856312 0.999785341909928 0.000109394626216139
0.018731174958172 0.980723071413648 0.000545753628180289
0.488586709248041 0.0222774832115401 0.489135807540419
0.00360153638861608 0.996289087154849 0.000109376456535375
0.000107791794086566 0.911247610217208 0.0886445979887055
0.0233091799031726 0.722058856858775 0.254631963238053
0.00534581735727682 0.99103762751812 0.00361655512460322
0.0798594678331269 0.000104047903705636 0.920036484263168
0.0614919924476856 0.45609275855974 0.482415248992574
0.000104068085377416 0.382749674562402 0.61714625735222
0.979767130195621 0.000109628164178489 0.0201232416402005
0.696036930256829 0.13435188781019 0.169611181932981
0.00010523235126193 0.971042519232576 0.0288522484161622
0.000111547405408921 0.164697425105871 0.83519102748872
0.615088163559093 0.384809290612974 0.000102545827932606
0.000108118326648828 0.999789077839764 0.00010280383358674
0.000107983045419744 0.999793733104138 9.82838504425528e-05
0.000105324902077401 0.999785349471363 0.000109325626559699
0.603325856051475 0.054522604911682 0.342151539036843
0.655314670693467 0.344573028027177 0.00011230127935648
0.302000093855011 0.697895724892088 0.000104181252901305
0.310931020232103 0.618140495940681 0.0709284838272151
0.00010846912266175 0.281362691779286 0.718528839098053
0.252618864703269 0.529520158600954 0.217860976695777
0.068912773731295 0.00843589552414848 0.922651330744557
0.000108108120996161 0.999789085154551 0.000102806724453236
0.0103411376516284 0.980259257755243 0.00939960459312823
0.265812056542451 0.687826908825034 0.0463610346325151
0.711190003241013 0.257547797636512 0.0312621991224745
0.0101978917354267 0.0300094040803872 0.959792704184186
0.5257253505613 0.266841702698051 0.207432946740649
0.216745612057915 0.438776556148548 0.344477831793537
0.183803492483199 0.742878435846911 0.0733180716698899
0.439886266607087 0.348495384695414 0.211618348697498
0.222978344758866 0.776917547210505 0.000104108030629396
0.0860671253154024 0.91382302526643 0.000109849418167563
0.521326608652519 0.470364054208676 0.00830933713880512
0.00010658987493874 0.999789645834802 0.000103764290259339
0.0045066686439602 0.995287538312661 0.000205793043379198
0.0282847410277031 0.953171012627496 0.0185442463448007
0.181025278930586 0.801273900878918 0.0177008201904962
0.000109422246107961 0.895746845833521 0.104143731920371
0.000108762570028394 0.901027709537667 0.0988635278923046
0.000105393268652974 0.999791001347531 0.00010360538381568
0.00184130162501831 0.734208329284796 0.263950369090186
0.0105007778935985 0.987220036356312 0.00227918575008979
0.351105225682345 0.629968099327639 0.0189266749900168
0.000105871875258646 0.818748325432609 0.181145802692132
0.0613491361025242 0.938547011654785 0.000103852242690937
0.0470046546208754 0.0379636127525596 0.915031732626565
0.000105199853115106 0.979653698168137 0.0202411019787481
0.000201188625869102 0.0920220309662154 0.907776780407916
0.0427703954367949 0.799805339945555 0.15742426461765
0.0562593339016392 0.688481469582909 0.255259196515452
0.0168190941181208 0.983072189856786 0.000108716025093141
0.000105198120374781 0.978705423632431 0.0211893782471947
0.340428731242707 0.39970864525289 0.259862623504403
0.000108307165767567 0.975311504131784 0.0245801887024481
0.0167459954883722 0.563568038958036 0.419685965553592
0.000106359378419152 0.499547345320617 0.500346295300963
0.0563438114035675 0.253250207217302 0.69040598137913
0.000104285033226957 0.502614918432939 0.497280796533834
0.0374285187886716 0.962474002360852 9.7478850476702e-05
0.00459649316039706 0.99260403597366 0.00279947086594256
0.000106835899486985 0.554189778773541 0.445703385326972
0.0251643317681232 0.974726748990065 0.000108919241811349
0.110173639687851 0.889716841064387 0.000109519247761863
0.0027651567312838 0.0767307119686462 0.92050413130007
0.0497484237632072 0.4867892570872 0.463462319149593
0.252779476351438 0.000109355580829642 0.747111168067732
0.000104387396848904 0.520228294116147 0.479667318487005
0.000109901764608914 0.996411776296934 0.00347832193845731
0.000105207515601569 0.984541899295986 0.0153528931884126
0.135542890517413 0.855179014590739 0.0092780948918473
0.00299293863901769 0.62450300480913 0.372504056551852
0.00010325471554222 0.673609228238254 0.326287517046204
0.000103284806797417 0.195469477323376 0.804427237869827
0.000106754017519747 0.953755432058984 0.0461378139234958
0.000112814512703439 0.345149787707889 0.654737397779408
0.0608315217849466 0.8949785584378 0.0441899197772529
0.260799654430615 0.229947997612464 0.509252347956921
0.231535593829244 0.64630116794809 0.122163238222665
0.0478586359456417 0.453971427538931 0.498169936515428
0.000106734379327321 0.9997851170202 0.000108148600473077
0.000105043551217605 0.904667763826174 0.095227192622608
0.000106654871113296 0.999785240005948 0.000108105122938419
0.000113369910670579 0.819915002895385 0.179971627193944
0.0686964148717057 0.898322666828522 0.0329809182997723
0.000106659353244678 0.96278028157602 0.0371130590707352
0.0109049694267883 0.59104450592131 0.398050524651902
0.000114251052142393 0.558262108482447 0.441623640465411
0.000106685821815191 0.995285845130007 0.00460746904817795
0.000106894638009882 0.997548850409184 0.00234425495280602
0.000105423164859881 0.999791027554106 0.000103549281034103
0.000107937166016406 0.516832969121475 0.483059093712508
0.00795227279237539 0.0715593718619173 0.920488355345707
0.000104992644504575 0.880725406072087 0.119169601283409
0.000270713779270395 0.750755878919696 0.248973407301034
0.000108254652876742 0.975453719182588 0.0244380261645347
0.763263780440734 0.236615622762415 0.000120596796851311
0.0068881515157685 0.934465257924525 0.0586465905597066
0.22099084185613 0.453712133010424 0.325297025133446
0.000110940999882931 0.919098353544962 0.0807907054551553
0.0216795723472664 0.630099257484361 0.348221170168372
0.000103957519752145 0.850555693849025 0.149340348631223
0.000104108770980977 0.999786824534946 0.000109066694073143
0.000103815005577987 0.920024833317306 0.0798713516771163
0.000109086070548597 0.850422542327254 0.149468371602198
0.000109201372270294 0.999779774383903 0.000111024243826859
0.0329919010800401 0.95567545419585 0.0113326447241094
0.00010157314675098 0.000102997126119256 0.99979542972713
0.0604395617616416 0.933589141274014 0.00597129696434424
0.00010981403184147 0.993099066056116 0.00679111991204211
0.000104113530276003 0.999786984532379 0.000108901937345047
0.0603254765715625 0.915666254136272 0.024008269292166
0.00659591883853749 0.11131611877607 0.882087962385393
0.000103877723755112 0.890760101243255 0.10913602103299
0.000106790898499925 0.925966600329504 0.0739266087719962
0.00010344353775005 0.0281255797289491 0.971770976733301
0.0131077043855565 0.836836143993661 0.150056151620783
0.00010640536953376 0.502412915928122 0.497480678702345
0.000113477274737929 0.0947244365539377 0.905162086171324
0.000112660446713434 0.999787113134566 0.000100226418720285
0.000106707500342083 0.962707617354191 0.0371856751454671
0.000106785012469023 0.999785133068162 0.000108081919369292
0.000101956721163567 0.467451736517881 0.532446306760956
0.396147914902739 0.556564272744689 0.0472878123525721
0.000114099162498575 0.571385052545424 0.428500848292077
0.000103153930232964 0.999786345088729 0.00011050098103805
0.000103112302203013 0.997919027841392 0.00197785985640507
0.000108132184430804 0.997883821684488 0.00200804613108115
0.0049556347797784 0.170302053159416 0.824742312060806
0.000106036381961889 0.487415693424407 0.512478270193631
0.000103842639273777 0.859064838531874 0.140831318828852
0.0088111112727811 0.768713977738465 0.222474910988754
0.000106563468074517 0.997834062025179 0.00205937450674679
0.000105827136276859 0.000104965480193439 0.99978920738353
0.000102181723772289 0.973496056928001 0.0264017613482263
0.000105219172246866 0.974920423570278 0.0249743572574754
0.000106724612975676 0.990249686689754 0.0096435886972706
0.000106634286321818 0.999789343780596 0.000104021933081985
0.000104990015144702 0.892792955613157 0.107102054371698
0.000102186283354036 0.971136848471544 0.0287609652451019
0.000115817635031112 0.0513788854448339 0.948505296920135
0.298228119572323 0.31412299376163 0.387648886666047
0.118866242316076 0.0546269962359479 0.826506761447976
0.000103059850491192 0.987797197037813 0.0120997431116958
0.00538388953320409 0.970554863050504 0.0240612474162924
0.000103399566825387 0.000103833827276514 0.999792766605898
0.000107902622891702 0.997712134090852 0.00217996328625656
0.000105238165619247 0.999785395983806 0.000109365850574582
0.205303779357041 0.438068220174109 0.35662800046885
0.000107110076759782 0.867237580857009 0.132655309066231
0.000107858768977915 0.724140030438125 0.275752110792897
0.000106273505003107 0.674823660950123 0.325070065544874
0.000104293144256699 0.52545552547715 0.474440181378593
0.000113145933582533 0.322347985285934 0.677538868780484
0.000106626196321495 0.984556219581314 0.015337154222365
0.000108177206879768 0.997751561977734 0.00214026081538632
0.102637984889263 0.897253840986786 0.000108174123951041
0.000104234920077601 0.0136170892454768 0.986278675834446
0.00501777822511487 0.336613578273437 0.658368643501449
0.000106768211729894 0.999785143428134 0.000108088360136259
0.000105453781776047 0.605017098338921 0.394877447879303
0.000116742925585971 0.000112897765306583 0.999770359309107
0.000100980676329424 0.000103204336194635 0.999795814987476
0.00011465412074114 0.152356064131897 0.847529281747362
0.000108792777063699 0.554057902608216 0.44583330461472
0.00665632581466102 0.976741007945051 0.0166026662402883
0.00010469901005626 0.766790377660523 0.233104923329421
0.000106563826807026 0.999789600682216 0.000103835490976844
0.00010253821022096 0.0533150115690771 0.946582450220702
0.000105970645173388 0.403027604235095 0.596866425119732
0.000101208436878347 0.575390292003831 0.42450849955929
0.00010113142099401 0.0756644432288493 0.924234425350157
0.399176528472817 0.0868215908913758 0.514001880635807
0.000113514221175235 0.999781517046921 0.000104968731903398
0.000101098001492573 0.999787166343371 0.000111735655136172
0.000107845454134369 0.503899126676708 0.495993027869158
0.000105216662381286 0.989858314386328 0.0100364689512912
0.000106120090607072 0.999785708504358 0.000108171405034511
0.000106305258790804 0.285928421813003 0.713965272928207
0.000103233630319087 0.000103763976619229 0.999793002393062
0.000103865490181912 0.285584856110022 0.714311278399796
0.0278540549875409 0.0699702748111128 0.902175670201346
0.000110365567430866 0.000110360560705896 0.999779273871863
0.000112277797529367 0.408923919801386 0.590963802401084
0.000107386637936361 0.827300952852128 0.172591660509936
0.00513745676337643 0.892012614096869 0.102849929139755
0.000107022348681336 0.904991993768309 0.09490098388301
0.000102545413092463 0.766881901348665 0.233015553238242
0.000105233619927977 0.999785432077777 0.000109334302295113
0.000105635254765354 0.299497527680532 0.700396837064702
0.000112294582605176 0.166960629694855 0.832927075722539
0.000109622103050782 0.42370133837636 0.576189039520589
0.000110001359967705 0.726483851040721 0.273406147599311
0.000106183457897332 0.593733333929195 0.406160482612907
0.0660260500160931 0.929244690905224 0.00472925907868251
0.000105011582739381 0.891624910992176 0.108270077425085
0.0001061325011139 0.935254728702882 0.0646391387960043
0.000105559327137775 0.000104828426818475 0.999789612246044
0.000104583515299388 0.676991442951116 0.322903973533585
0.000104808498791888 0.776017461755686 0.223877729745522
0.000105974303620308 0.29071165376276 0.70918237193362
0.000105757124844464 0.0774912961979946 0.922402946677161
0.000106791239662584 0.954080415143809 0.0458127936165288
0.000106054231932324 0.847788660230148 0.152105285537919
0.000108202880794507 0.991676355092318 0.00821544202688765
0.000111264678598218 0.183931697734049 0.815957037587352
0.000103298076322701 0.000103847215961962 0.999792854707715
0.000109236995700731 0.986805611491282 0.0130851515130177
0.000106598908440546 0.857988893646683 0.141904507444877
0.000104142472013993 0.456553695467574 0.543342162060412
0.000103978271877015 0.382093259631559 0.617802762096564
0.000106691877313266 0.999785263220495 0.000108044902191971
0.000108280167363983 0.9779118936799 0.0219798261527357
0.000105204363315677 0.966301074211145 0.0335937214255396
0.000103965357916139 0.350607867234764 0.64928816740732
0.000103247838853399 0.139785958817479 0.860110793343668
0.000106207317652725 0.474868464881888 0.525025327800459
0.000105666486578531 0.637856335233531 0.362037998279891
0.000101599640710806 0.000103038303693471 0.999795362055596
0.000103685842279707 0.233906236866167 0.765990077291553
0.000107625880731001 0.747876842810331 0.252015531308939
0.000102196209338779 0.985943454739434 0.0139543490512277
0.000106236685288815 0.634547887908424 0.365345875406287
0.000103279453655207 0.000103756068953138 0.999792964477392
0.000104148438226746 0.999786841888724 0.000109009673049104
0.000102637433273305 0.799781725895586 0.200115636671141
0.000103426040862145 0.000103896051236138 0.999792677907902
0.000109556739032681 0.123147873624286 0.876742569636681
0.000105151773167056 0.947452192028217 0.0524426561986157
0.000121382379159241 0.0842115598820334 0.915667057738807
0.00010621932124526 0.395087182973385 0.604806597705369
0.000101566244553814 0.000102982821774743 0.999795450933671
0.000164655215403653 0.0408952030878954 0.958940141696701
0.000103052274381387 0.0274718373141802 0.972425110411438
0.000104708323189116 0.895516650347539 0.104378641329272
0.000104863576114256 0.799685285447672 0.200209850976214
0.000104171942407417 0.41312857859228 0.586767249465313
0.000109084713757195 0.861194774514288 0.138696140771955
0.000113150932312987 0.000111680312028087 0.999775168755659
0.00010893924231731 0.0725039820450732 0.92738707871261
0.000105776804562071 0.0325906194613876 0.96730360373405
0.000109663066439344 0.658626992931528 0.341263344002032
0.000118208279048667 0.51949708002049 0.480384711700462
0.0260911555438388 0.971526216602999 0.00238262785316238
0.000109386363846896 0.146380101637121 0.853510511999032
0.000102827131195126 0.89167657372387 0.108220599144935
0.000108189487915128 0.169940533795141 0.829951276716944
0.000106571056451349 0.927614414484189 0.0722790144593599
0.000101673519938048 0.0400943257093756 0.959804000770686
0.000103435850766551 0.0396462332818881 0.960250330867345
0.000106474568274323 0.799618717724086 0.20027480770764
0.000101728287119816 0.0603515052665203 0.93954676644636
0.000103982255217041 0.98116558217843 0.0187304355663529
0.00010603699515691 0.851500398981782 0.148393564023061
0.000103297137794166 0.00010384750979445 0.999792855352411
0.000104160160663185 0.635186818997708 0.364709020841628
0.000101562612692816 0.000102978513823267 0.999795458873484
0.000103635402037655 0.140111058689435 0.859785305908528
0.000111578681185256 0.000111818450173548 0.999776602868641
0.000114452251552448 0.198879872138296 0.801005675610151
0.000111166057243149 0.048341283279542 0.951547550663215
0.000105114820352728 0.917701173865551 0.0821937113140962
0.000112931674023561 0.35427261568476 0.645614452641217
0.000102362707309933 0.653034541155243 0.346863096137447
0.000102034486627834 0.522181870088676 0.477716095424696
0.00010800093763585 0.694692404616831 0.305199594445534
0.000101010774760214 0.000103203167957795 0.999795786057282
0.000119984183269087 0.406103765795384 0.593776250021347
0.000102965765908151 0.284257104793756 0.715639929440336
0.000112924551956268 0.0101473285922794 0.989739746855764
0.00189077856861715 0.266186164258166 0.731923057173217
9.91538073065112e-05 0.129734082778728 0.870166763413965
0.000110382257577101 0.0175998351144087 0.982289782628014
0.000103461612282808 0.0186019352221363 0.981294603165581
0.000103424192419993 0.0740588320671612 0.925837743740419
0.000112744487040136 0.0129790463796535 0.986908209133306
0.00010586720148453 0.30439066078846 0.695503472010056
0.000106411759150874 0.699737722430555 0.300155865810295
0.000107400467114005 0.804475502626488 0.195417096906398
0.000105765698354317 0.00983626074062479 0.990057973561021
0.000113381761690173 0.11384614731705 0.88604047092126
0.000103811987915531 0.308200095677859 0.691696092334225
0.000104907611404598 0.825135905184589 0.174759187204006
0.00011182687767418 0.118966072694278 0.880922100428047
0.000101605474719364 0.000103047062034028 0.999795347463247
0.000105179437918327 0.958670781291665 0.041224039270417
0.000112719681516084 0.0303167335301611 0.969570546788323
0.000103475232202792 0.026436600538683 0.973459924229114
0.000109603490401315 0.107755299893486 0.892135096616113
0.000103007960058283 0.965878106752444 0.0340188852874975
0.000108653513507619 0.950916029277492 0.0489753172090002
0.000101021601326838 0.0258297987274846 0.974069179671189
0.000102947873904692 0.304880310339986 0.695016741786109
0.000109378072967717 0.0166492718307643 0.983241350096268
0.000104892550831351 0.833404071626675 0.166491035822494
0.000115917314410561 0.670830812489956 0.329053270195633
0.000100399468306372 0.000100880394114838 0.999798720137579
0.000106091826500099 0.0157321585382551 0.984161749635245
0.000106812958611092 0.937934344867427 0.0619588421739623
0.00010356021558574 0.549494127524781 0.450402312259634
0.00011652737387963 0.000112713222454319 0.999770759403666
9.98241556116935e-05 0.000102412714706596 0.999797763129682
0.000111775998417439 0.474573420415338 0.525314803586244
0.000105574960152119 0.000115351937240156 0.999779073102608
0.000106117029987823 0.453090548100297 0.546803334869715
0.000126633656953684 0.00716156993382038 0.992711796409226
0.000107833726006883 0.000109626725345465 0.999782539548648
0.000103510803941591 0.000103853007861566 0.999792636188197
0.000104299812713198 0.532223491172099 0.467672209015187
0.00010554165786198 0.0517982254565328 0.948096232885605
0.000106782091625101 0.98225354870263 0.0176396692057451
0.000104744327045213 0.722288627788921 0.277606627884034
0.000109160522712299 0.826216911338086 0.173673928139201
0.000100997357476731 0.00154862662225365 0.99835037602027
0.000105358424421747 0.988688787934437 0.0112058536411411
0.000106333416318004 0.701093244816093 0.298800421767589
0.000106595720522871 0.840702795168173 0.159190609111304
9.8828587187761e-05 0.000102481537609923 0.999798689875202
0.000105580331956387 0.00206285786442871 0.997831561803615
0.000105920085383623 0.810280623688045 0.189613456226571
0.000111093956966149 0.789667550789674 0.210221355253359
0.000102913920068811 0.133216401505963 0.866680684573968
0.000102418272688263 0.049001280889176 0.950896300838136
0.000104647503248523 0.74031686390194 0.259578488594812
0.000111128631865509 0.901665723136517 0.0982231482316179
0.000104169230326608 0.00678562784884883 0.993110202920825
0.010156819816074 0.0372569136675597 0.952586266516366
0.000101567185151504 0.000102940076079449 0.999795492738769
0.000105725902826697 0.0145301432543963 0.985364130842777
0.000101684076749147 0.0478306938832969 0.952067622039954
0.000113035865156021 0.0040665166507862 0.995820447484058
0.000116645153230575 0.000113059088159261 0.99977029575861
0.000117088679258941 0.0869841393955098 0.912898771925231
0.000103486692384997 0.112214159072318 0.887682354235297
0.000108891347160436 0.0826492711881044 0.917241837464735
0.000105646021367233 0.37968880377232 0.620205550206313
0.000101038109279678 0.0365022643583888 0.963396697532331
0.000116409274918256 0.00011286151959632 0.999770729205485
0.000101591379774388 0.00909600200497562 0.99080240661525
0.000105197252324339 0.000104896351005611 0.99978990639667
0.000106195108119585 0.480177110221194 0.519716694670687
0.000105889031160194 0.203173662737899 0.796720448230941
0.00010612264900277 0.541560176283645 0.458333701067352
0.000107696398945052 0.0173374808787277 0.982554822722327
0.000103833244232205 0.28505655164659 0.714839615109178
0.000101004473304904 0.000103236897238173 0.999795758629457
0.000101607577018641 0.000103045686102399 0.999795346736879
0.000104190888912166 0.950986973783797 0.0489088353272905
0.00010156194214086 0.000102977686042411 0.999795460371817
0.000103310554796306 0.000103854268416442 0.999792835176787
0.000103377475781685 0.04635843405212 0.953538188472098
0.000103397131612776 0.0167325350760792 0.983164067792308
0.000105353990223757 0.000104714049343726 0.999789931960433
0.000104260689535424 0.00390010093709551 0.995995638373369
0.000105485012075342 0.0124558482677045 0.98743866672022
0.00010628035137427 0.424927115510407 0.574966604138219
0.000109812283616952 0.0810719346932789 0.918818253023104
0.000104410610552837 0.509231072055756 0.490664517333691
0.000103418284482908 0.0213337440188773 0.97856283769664
0.00010462450890395 0.700077806103542 0.299817569387554
0.000101729130212815 0.0687030181015765 0.931195252768211
0.000116664007041573 0.000112975672070451 0.999770360320888
0.000105462532128014 0.943276641937961 0.0566178955299113
0.000104137843532538 0.000104820577607525 0.99979104157886
0.000104985634646944 0.0683486090446099 0.931546405320743
0.000101738451381459 0.0627006102528099 0.937197651295809
0.00010247388053747 0.000104047932699731 0.999793478186763
0.000102201787132797 0.24059348691144 0.759304311301427
0.000103567282554897 0.161520886329774 0.838375546387671
0.000122791715593665 0.000119399583185562 0.999757808701221
0.000105882211367557 0.0131132538952441 0.986780863893388
0.00309612139950139 0.000103017033227856 0.996800861567271
0.000106207714237448 0.733540604663041 0.266353187622721
0.00010349212428672 0.0389841203351236 0.96091238754059
0.00010523716474578 0.999785397294623 0.000109365540630922
0.000103395360112781 0.00446657269719605 0.995430031942691
0.000103345585927163 0.00208766502895795 0.997808989385115
0.000116150825672974 0.000112782293967846 0.999771066880359
0.000101588673240315 0.000102972024564115 0.999795439302196
0.000113098933666521 0.00673815558509048 0.993148745481243
0.000100987413832121 0.0309756484694631 0.968923364116705
0.000103462793483707 0.0489976370175322 0.950898900188984
0.000109824480185335 0.0799593176646486 0.919930857855166
0.000104781574140834 0.166255679699843 0.833639538726016
0.000110007281944262 0.359634017932429 0.640255974785627
0.000102695740624731 0.0915105404579278 0.908386763801448
9.99312938646479e-05 0.0346391142832689 0.965260954422866
0.000104167291349385 0.00821976558900348 0.991676067119647
0.000105684609678248 0.00613008761597011 0.993764227774352
0.000108181847528603 0.356553914492263 0.643337903660209
0.00010231280094249 0.0110597499718316 0.988837937227226
0.00010565632061078 0.0760856454568203 0.923808698222569
0.000104114416134057 0.999786983576928 0.000108902006938099
9.8929188128019e-05 0.0404737107753829 0.959427360036489
0.00010335481694285 0.0876819582965662 0.912214686886491
0.00010594331830018 0.0736163302613519 0.926277726420348
0.000111448352545797 0.00761576700217268 0.992272784645282
0.000106005321887913 0.324207074261079 0.675686920417034
0.000110925843375867 0.450444544583593 0.549444529573031
0.000103805688128396 0.232387075680252 0.76750911863162
0.000105586662838202 0.000104838466859834 0.999789574870302
0.000100638130203571 0.471783281407021 0.528116080462776
0.000103381818419382 0.000103870939488506 0.999792747242092
0.000114525174736977 0.171682354295011 0.828203120530252
0.000103236363511031 0.676951944561086 0.322944819075403
0.000113864824942419 0.041458691295626 0.958427443879432
0.000101034934414185 0.0443391043192335 0.955559860746352
0.000112175041197505 0.0789319282046896 0.920955896754113
0.000122767935915605 0.000119384220470383 0.999757847843614
0.000101315793887552 0.175896642131747 0.824002042074365
0.000102771679502891 0.0094078159047745 0.990489412415723
0.000105869013777259 0.0885045931413942 0.911389537844829
0.000101609801534073 0.000103017573811912 0.999795372624654
0.000106330775123656 0.491945328537329 0.507948340687547
9.99355605433416e-05 0.0517438077967748 0.948156256642682
0.000100857465706452 0.885951753772473 0.113947388761821
0.000102294346388574 0.624135241885085 0.375762463768526
0.00010212474774595 0.000101255310804013 0.99979661994145
0.000106900808001675 0.0384777517796003 0.961415347412398
0.000101196300017911 0.107927569371638 0.891971234328344
0.000102054730314709 0.00873715248197771 0.991160792787708
0.000102604736336435 0.176773430070854 0.823123965192809
0.000103799434184827 0.465950871186392 0.533945329379423
9.98339054094384e-05 0.000102434187955703 0.999797731906635
0.000102782223249667 0.271887158201091 0.72801005957566
0.000102485959623472 0.000719934873320256 0.999177579167056
0.000111948747495908 0.000111892599172615 0.999776158653331
0.000115568934347755 0.0890813998553029 0.910803031210349
0.000104669644879775 0.722133784240118 0.277761546115002
9.99719029562122e-05 0.0571707104204403 0.942729317676604
0.000105710467409942 0.000104911598161796 0.999789377934428
0.000101844726710697 0.115460924601967 0.884437230671322
0.000103822244229925 0.239800617391088 0.760095560364682
0.000105931043460352 0.557458112140883 0.442435956815657
0.000102344550480172 0.0190618737220806 0.980835781727439
0.000112951975899104 0.000111573395619984 0.999775474628481
0.000110409979578505 0.00240940789952722 0.997480182120894
0.000103371647967363 0.00010390655598852 0.999792721796044
0.00011297523569327 0.000111575554826687 0.99977544920948
0.000105710371546205 0.000104911126600392 0.999789378501853
0.000107586046929746 0.254885419308754 0.745006994644316
0.000100985859932533 0.0179274750337845 0.981971539106283
0.000112040828018909 0.000111912738938985 0.999776046433042
0.000101675185432324 0.0294585804324757 0.970439744382092
9.91531696874034e-05 0.131700445703026 0.868200401127287
0.000103579977680551 0.141172948718227 0.858723471304093
0.000103597433364743 0.137099422390864 0.862796980175771
0.000103377963197762 0.00010379457226662 0.999792827464536
0.000113013877752559 0.00011161459575723 0.99977537152649
0.000111369386049562 0.0497189451819515 0.950169685431999
0.000103663114073621 0.896425260963286 0.103471075922641
0.000100918334706344 0.00168093932731776 0.998218142337976
0.00010082386035174 0.41670856727745 0.583190608862199
0.00011644602078714 0.000112986161769364 0.999770567817444
9.98361683639637e-05 0.000102398450881093 0.999797765380755
0.000100970100723696 0.00988586159302473 0.990013168306252
0.000112897991682898 0.00404972802979977 0.995837373978517
0.000106469154296271 0.670690559107636 0.329202971738068
0.000103439512637003 0.0401953493435333 0.95970121114383
0.000103025932224666 0.000103869097978974 0.999793104969796
0.000100973889712249 0.0144416103251755 0.985457415785112
9.83570433707925e-05 0.0516921197118766 0.948209523244753
0.000103544251390862 0.0871906988950675 0.912705756853542
0.000104169436238348 0.20915813189217 0.790737698671591
0.000104171358761551 0.00939561600148039 0.990500212639758
0.000104058734091314 0.000102116034318463 0.99979382523159
0.000105650884001161 0.157655434725076 0.842238914390922
0.00010300120366034 0.969514229042923 0.0303827697534162
0.000103329651574554 0.0222873038259994 0.977609366522426
0.000112061503751934 0.117093260126699 0.882794678369549
0.000107370891045154 0.0693846113708582 0.930508017738097
0.000108706394855551 0.979669730443552 0.0202215631615928
0.000106190878170056 0.488123135827486 0.511770673294344
9.98386214772172e-05 0.000102411354742105 0.999797750023781
0.000105995630756746 0.474349319742022 0.525544684627221
0.000105638633044036 0.0615546708804184 0.938339690486538
0.000104189136868392 0.497127159073031 0.5027686517901
0.00010397292177027 0.354223650389274 0.645672376688956
0.00010333981211564 0.00511893466402984 0.994777725523855
0.0001027265350889 0.000104829128283886 0.999792444336627
0.00011380210943636 0.253536383093834 0.74634981479673
0.000103464322055811 0.000103953325425593 0.999792582352519
9.86836606703476e-05 0.000100393986490333 0.999800922352839
0.000104581170761001 0.707538239933253 0.292357178895986
9.88390000520523e-05 0.000102523430427672 0.99979863756952
0.000110361594876147 0.00253591176914968 0.997353726635974
0.00010101521624538 0.0166849788600273 0.983214005923727
0.000101575238250514 0.00128740857151799 0.998611016190232
0.000103574681344601 0.0803648324336077 0.919531592885048
0.000107487009426093 0.373203956079783 0.626688556910791
0.000105560203334432 0.000104828147168589 0.999789611649497
0.000112877226144693 0.0035267451781812 0.996360377595674
0.000103997641220408 0.384839153101031 0.615056849257749
