0.999577780493445 0.000200686263151543 0.000221533243403058
0.999577955858387 0.000205717521100723 0.00021632662051249
0.999582216944549 0.000203841530244548 0.000213941525206744
0.999572979098162 0.000210183009124712 0.000216837892712839
0.999407361638184 0.000383176493162248 0.000209461868653452
0.999580074170049 0.000208190762027255 0.00021173506792364
0.999568314418525 0.000205954048576993 0.000225731532897723
0.999576012820824 0.000200032245434238 0.000223954933742057
0.999581335811386 0.000205700841804707 0.000212963346809542
0.999541905076883 0.000221952242817975 0.000236142680299021
0.999558698703418 0.00024044139843715 0.000200859898144589
0.999569470704874 0.000215753170451509 0.000214776124674612
0.999577952072868 0.000216161906656098 0.000205886020476029
0.999519064720508 0.0002754745334511 0.000205460746040651
0.999581621072506 0.000205547573259332 0.00021283135423423
0.99957856429606 0.000215583068646671 0.000205852635293185
0.999581208923232 0.000205737425060499 0.000213053651707816
0.999578488872309 0.000207310044715458 0.000214201082975425
0.999569363467593 0.000215815706639319 0.000214820825767191
0.999577752674165 0.000200713984867583 0.000221533340967827
0.99957822307543 0.000204338498081564 0.000217438426488717
0.999581796411429 0.000203828787421157 0.00021437480114956
0.999579001450835 0.000201502340906767 0.000219496208258496
0.999507201264713 0.000248009325898214 0.000244789409388399
0.99958120903349 0.000205732652320342 0.000213058314189836
0.999581837185997 0.000205501216206158 0.000212661597797078
0.999581072298354 0.000207478066557724 0.000211449635087934
0.999582426671411 0.000203791119118789 0.00021378220947071
0.999579991121928 0.000208154992747111 0.000211853885325098
0.999580987140183 0.000205768559161258 0.000213244300656242
0.999579862786324 0.000201461955687017 0.000218675257988568
0.999564403587671 0.000224549746463883 0.000211046665865243
0.999582020646772 0.000203822406736951 0.000214156946491049
0.999581606930245 0.000203898677015328 0.000214494392739286
0.999559818556666 0.00023610199493291 0.000204079448401019
0.999570957950323 0.00021273414227181 0.000216307907404722
0.99958478753021 0.000208483860044218 0.000206728609745712
0.999578270100791 0.000200654165074196 0.000221075734134277
0.999582249816456 0.000203830419261917 0.000213919764281997
0.999581912745214 0.000205475278823761 0.000212611975962625
0.999579678302782 0.000201422939751065 0.000218898757466924
0.999571344326224 0.000212622139447143 0.000216033534328796
0.999566287548103 0.000226808376061669 0.000206904075835736
0.999581211814531 0.000205732404443998 0.00021305578102529
0.999570738792093 0.000212930967730419 0.000216330240176423
0.999577893877082 0.000200715831338605 0.000221390291579687
0.999575553271325 0.000207370625277369 0.00021707610339721
0.999571129982375 0.000212839976325427 0.000216030041299745
0.999569365148351 0.000215808946608148 0.000214825905041322
0.999582450711923 0.000203820262300413 0.000213729025776559
0.999582530120002 0.000211307039432419 0.000206162840565751
0.999571287989767 0.000210387297228615 0.000218324713004821
0.999578721984425 0.000200625830359587 0.000220652185215183
0.999562783708615 0.000231327031159829 0.000205889260224867
0.999585040834149 0.000208283946452004 0.000206675219398827
0.999578275143348 0.000200653838469706 0.000221071018182333
0.999569923644965 0.000215398429306656 0.000214677925728621
0.999580318800096 0.000205965206990937 0.0002137159929126
0.999579729045487 0.000201484854755629 0.000218786099756914
0.999564145750289 0.000226637636297653 0.000209216613413323
0.999581754695603 0.000211875195578743 0.000206370108818331
0.999561885708787 0.000236922465211809 0.000201191826000723
0.999581542569051 0.000205644887550846 0.000212812543398159
0.999578717623846 0.000201648452168442 0.000219633923986038
0.999555989666454 0.000210291816105651 0.000233718517440032
0.99956676100563 0.00020739563727611 0.000225843357093583
0.999581840579521 0.000205489202026761 0.000212670218451901
0.999574637758198 0.000216408210296428 0.000208954031505409
0.999581747287984 0.000203882564386159 0.000214370147630125
0.999581756818677 0.000203877236113599 0.000214365945209868
0.999555163110683 0.000232440962689359 0.000212395926627838
0.999564581064497 0.000233327998463575 0.000202090937039256
0.999592313624713 0.000198554557598918 0.000209131817688101
0.999581208182257 0.000205732673073058 0.000213059144669861
0.999541996374323 0.000261078232924009 0.00019692539275283
0.999565236146533 0.000237600578769898 0.000197163274697028
0.999567562760676 0.000216972878183058 0.000215464361141169
0.999565388957151 0.00020636818196736 0.000228242860881937
0.999579822534305 0.000208188382219576 0.000211989083475297
0.999581984303227 0.000211736858456453 0.00020627883831643
0.999572527041713 0.000217502377707562 0.000209970580579484
0.999578089043121 0.000200701654636751 0.000221209302241964
0.999565827935191 0.000225568500745996 0.000208603564062549
0.999580129117189 0.00020818102598612 0.000211689856824633
0.999579136954106 0.000208594335117064 0.000212268710777287
0.999580077684031 0.000208729378600474 0.000211192937368348
0.999580610062044 0.000204919975090746 0.000214469962864813
0.999570442864474 0.000221036391470776 0.000208520744055106
0.999578084239026 0.000200701713325645 0.000221214047647866
0.999568563824509 0.000205872747819154 0.000225563427671586
0.999582263269012 0.000211481026516083 0.000206255704472144
0.999569205418352 0.000207166513759476 0.000223628067888851
0.999581622123467 0.000205547553637325 0.000212830322895587
0.999581748375911 0.000203882454778814 0.000214369169310341
0.999574595855033 0.000201071730169074 0.000224332414798072
0.999564965101292 0.000227016599190867 0.000208018299516941
0.999581543494924 0.000205567203517722 0.00021288930155869
0.999583107462594 0.000205252648614893 0.000211639888791139
0.999581535076687 0.000205653214365123 0.00021281170894766
0.999577522181174 0.000200732081736692 0.000221745737089281
0.999581734403783 0.000203874563898968 0.000214391032318121
0.999583495160484 0.000207752063476265 0.000208752776039526
0.999580031857477 0.000208105416250826 0.000211862726272404
0.999571222019438 0.000212722142891401 0.000216055837670948
0.999587161755883 0.000203921900441732 0.000208916343674824
0.99957872262969 0.000200627322708078 0.000220650047601542
0.999573570956362 0.000201255157869709 0.0002251738857681
0.999565510181001 0.00021861797019039 0.000215871848808495
0.999584383122667 0.000208641692299443 0.000206975185033764
0.999593775984093 0.00020076607557427 0.00020545794033235
0.999586021084154 0.000205969839916776 0.000208009075929035
0.999580477830543 0.000207771817516001 0.000211750351940686
0.999582783751933 0.000211089604200159 0.000206126643867178
0.999581898927472 0.000211701769994775 0.000206399302533361
0.999579774443832 0.000201411412147134 0.000218814144020661
0.999579488358544 0.000213706063278166 0.000206805578178052
0.99958660842108 0.000200306091962762 0.000213085486957219
0.999565004960413 0.000225589725572813 0.00020940531401403
0.999576263594334 0.000200029129986166 0.000223707275680122
0.999567775832103 0.000202006456593014 0.00023021771130363
0.999562899607786 0.00022885541853589 0.000208244973678261
0.999554307830304 0.000235371497141211 0.000210320672554351
0.999576908072813 0.000200058205673237 0.000223033721513651
0.9995864534546 0.000205752170273671 0.000207794375126729
0.99957612771496 0.000203612945781137 0.000220259339258773
0.999584688192108 0.000199648153315612 0.000215663654576575
0.999566173761536 0.000207709364350245 0.000226116874113688
0.999581075740013 0.000205800293972568 0.000213123966014034
0.999546569006436 0.000224067824648787 0.000229363168915576
0.99958726760821 0.000202402662053603 0.000210329729735957
0.999581462747268 0.000212099580352114 0.000206437672380135
0.999578926433861 0.000204412288071722 0.000216661278067619
0.999581008590713 0.000206059644530387 0.000212931764756643
0.999570506906876 0.000213489111810765 0.000216003981313441
0.99958671623861 0.000199765034111584 0.000213518727278047
0.999581540260463 0.00020565042963941 0.000212809309897339
0.999584983225983 0.000208344161115307 0.000206672612901763
0.999571809071028 0.000210332323482034 0.000217858605489945
0.999581745962079 0.000203875860980198 0.000214378176941206
0.999579342379381 0.000214871938179191 0.000205785682439895
0.999584424888383 0.000200937169244104 0.000214637942372953
0.999565407887641 0.000225616097127091 0.000208976015232355
0.999580290676853 0.0002059735971069 0.000213735726039976
0.999581545286337 0.000205567039121477 0.000212887674541332
0.999579116462457 0.000208607937493761 0.000212275600049452
0.99957185459863 0.000212409729619483 0.000215735671750155
0.999558378244397 0.000211410062744982 0.000230211692857697
0.999575043860861 0.000211735969006102 0.000213220170132687
0.999554402766207 0.000234375985322137 0.000211221248471293
0.999581214873436 0.000205732341930233 0.000213052784633312
0.999588404288234 0.000202242776114186 0.000209352935651966
0.999580112232481 0.000201895163895717 0.000217992603623752
0.999574232719348 0.0002166598351843 0.000209107445468197
0.999582321493968 0.000203868074421262 0.000213810431610725
0.99957149480654 0.000210357730954236 0.000218147462505894
0.999564105407087 0.000227769856639211 0.000208124736273991
0.999580031721491 0.000208105493374428 0.000211862785134328
0.999560146617824 0.000237421829913924 0.000202431552262372
0.999581157792993 0.000207357201432725 0.0002114850055746
0.999581133175798 0.000205735035627455 0.000213131788574833
0.999564858688666 0.000227037031845788 0.000208104279488018
0.999587347860546 0.000203847420859205 0.000208804718594735
0.999584928604894 0.000206743809287745 0.000208327585818721
0.999579745963308 0.000208572786825889 0.000211681249866279
0.999582216718211 0.000211584309793621 0.000206198971995817
0.999579360651695 0.000201542721712537 0.000219096626592492
0.999580629226567 0.000206364985497661 0.000213005787935199
0.999485363038311 0.000294739411271584 0.00021989755041781
0.999579249594573 0.00020059392605518 0.000220156479372274
0.999572642342192 0.000200138304121127 0.000227219353686891
0.999578272853866 0.000200653872645264 0.000221073273488494
0.999587168408252 0.000209008122276105 0.000203823469472266
0.999577369334041 0.000209941778765829 0.000212688887193659
0.999579508309656 0.000213576693827371 0.000206914996516522
0.999580778115525 0.00020762335102081 0.000211598533454458
0.999566520340894 0.000230572435909914 0.000202907223196309
0.999576999536596 0.000210541742181536 0.000212458721222245
0.99957095409328 0.000212730745821241 0.000216315160898988
0.999568759985281 0.000216286491818157 0.00021495352290067
0.999575308375641 0.000208020803697284 0.000216670820662129
0.999581335929491 0.000205700813495527 0.000212963257013852
0.000197567962146919 0.999608750973487 0.000193681064366467
0.000214450263400484 0.99956713614231 0.000218413594289739
0.000209443600444612 0.999582368022438 0.000208188377117271
0.000222574982135395 0.999542009927328 0.000235415090536892
0.000203714253396462 0.999585714117112 0.00021057162949202
0.000197617378598992 0.999608686741933 0.000193695879468412
0.000215198643591524 0.99957312847778 0.000211672878628913
0.000206018536638437 0.999595371928019 0.000198609535342469
0.000210457191376829 0.999576369878124 0.000213172930499375
0.000224234876368276 0.999541236350825 0.000234528772806713
0.000223884961432306 0.999538107691057 0.000238007347510216
0.000213771560384993 0.999575803491909 0.000210424947705622
0.000198597943024934 0.999607288008567 0.000194114048407762
0.00019648881989631 0.999610250601916 0.00019326057818804
0.000220273214580554 0.999565372612942 0.000214354172477468
0.000210396938856893 0.999584555238691 0.000205047822451942
0.000220166282906631 0.999565359126992 0.000214474590101027
0.000199089228329218 0.999605714923545 0.000195195848125546
0.000197562586998671 0.999608745984831 0.000193691428170033
0.000211999766228735 0.999578292812452 0.000209707421318816
0.000209653350577466 0.999582164093454 0.000208182555968223
0.000207960116027124 0.999584478429332 0.000207561454640809
0.000202223779478865 0.999602044768993 0.000195731451528298
0.000228576772126501 0.99954222477839 0.000229198449483112
0.00021508277344496 0.999574387804301 0.000210529422254551
0.000205257662612728 0.999588774481425 0.000205967855962367
0.000215662572735658 0.999572257694296 0.000212079732968712
0.000212345962007629 0.999581154954643 0.000206499083349817
0.000209671196724312 0.9995821659573 0.000208162845975724
0.000213920218799272 0.999575675681163 0.00021040410003732
0.000220162186597957 0.99956988475678 0.000209953056621785
0.000200752048941553 0.999604011681567 0.0001952362694917
0.000209590169731618 0.999582231213514 0.000208178616754074
0.000216099825003269 0.999572015082709 0.00021188509228733
0.000214949618550282 0.999577128569351 0.00020792181209866
0.000214531706804812 0.999574696481898 0.000210771811297225
0.000212085708588018 0.999581443496141 0.000206470795270789
0.000209156714618603 0.9995826790936 0.00020816419178096
0.000209382542791172 0.999582471776154 0.00020814568105522
0.000205439921869567 0.99958851834099 0.000206041737140848
0.000231349943006327 0.9995242193998 0.000244430657193694
0.000209258579249805 0.999582708319262 0.000208033101487899
0.000214079149454083 0.999575501181752 0.00021041966879404
0.000216656750145349 0.999574878614334 0.000208464635520604
0.999568704352573 0.000205910780744861 0.000225384866681817
0.999570204767994 0.000221282064003978 0.000208513168002232
0.000197595137715362 0.999608724495278 0.000193680367006188
0.000213753946172886 0.999575835513072 0.000210410540755103
0.000209583345048786 0.999582214946502 0.000208201708448663
0.000201126670738801 0.999580878082884 0.000217995246376731
0.000217593283324932 0.999553447440842 0.000228959275832655
0.000200783691730681 0.999603970252564 0.000195246055705145
0.000212100769146741 0.999578189838184 0.000209709392669293
0.000215583825773777 0.999572350869984 0.00021206530424221
0.000202055010406615 0.999602191526061 0.000195753463532538
0.000211874627012904 0.999578407719388 0.000209717653599097
0.000231130080469732 0.99952507827401 0.000243791645519949
0.00020222447878244 0.99960203184893 0.000195743672287215
0.000193780157392017 0.999617331282127 0.00018888856048045
0.000210310185823612 0.999580629240887 0.000209060573289369
0.000205459472952216 0.999588541464246 0.000205999062802002
0.000197905142644839 0.99960838164577 0.000193713211585562
0.000200640513380429 0.9996041982654 0.000195161221219156
0.000221543814784665 0.99953321996498 0.000245236220235026
0.000224353155317269 0.999541185516538 0.000234461328144267
0.000214017717137659 0.9995755816314 0.000210400651462113
0.00021366448934557 0.999575919060175 0.000210416450479706
0.000215051659024541 0.999565040145265 0.000219908195709916
0.000207908852850208 0.999584534059072 0.000207557088078205
0.000214213361174057 0.999575301067612 0.000210485571213507
0.000215560640317035 0.999550315653673 0.000234123706010198
0.000209342731951907 0.99958247313928 0.000208184128768246
0.000207910827757276 0.999584512198678 0.000207576973565062
0.000213263350811452 0.999576492525764 0.000210244123424876
0.000189437386710578 0.99962979078645 0.000180771826839792
0.000211484379456096 0.999591841317658 0.000196674302885427
0.000211872399179556 0.999578414821951 0.000209712778869541
0.000212030447897631 0.999578247296456 0.000209722255646613
0.999578384437213 0.000215763031849951 0.000205852530937258
0.999570050715442 0.000221372743718661 0.000208576540839513
0.999587650115361 0.000203733991672015 0.00020861589296661
0.999584687787723 0.000211822151615026 0.000203490060661634
0.00021407065035321 0.999573442393765 0.000212486955881462
0.000214112836966112 0.99957548228135 0.000210404881684426
0.000201877452379857 0.999602385321502 0.000195737226117903
0.00023005207037683 0.999525839650886 0.000244108278736762
0.000207323434249313 0.99959402080348 0.000198655762271043
0.000220295109895689 0.999565248654493 0.000214456235611332
0.000204705712386953 0.999600969634331 0.000194324653281824
0.00021998036568355 0.999565453796889 0.000214565837427452
0.000222289920784007 0.999554818291395 0.000222891787820929
0.000204116384052669 0.999590413594111 0.000205470021836674
0.000201824960237316 0.999602447762849 0.000195727276913772
0.000209389061304295 0.999582419730391 0.000208191208304728
0.000221496014191713 0.999564275639543 0.000214228346265491
0.0002120332047972 0.999578256120064 0.000209710675138787
0.000189249671632295 0.999629983826247 0.000180766502120906
0.000204243953166949 0.999590288744201 0.000205467302631696
0.000194438657323951 0.999613430761893 0.00019213058078273
0.000219854623143111 0.999565700831457 0.000214444545400388
0.000211874229581776 0.999578405868091 0.00020971990232759
0.000209971521446707 0.999577147130265 0.00021288134828819
0.000213438742964618 0.999576154049309 0.000210407207726116
0.000195480969822005 0.999611974117538 0.00019254491264026
0.000213691074732308 0.999575891649422 0.000210417275846205
0.000202110922647633 0.99960215040653 0.000195738670822744
0.999585185068731 0.000208201889234415 0.000206613042034283
0.999581210019976 0.000205737288354 0.000213052691670182
0.999581850898529 0.000205569076390439 0.0002125800250809
0.999570705538568 0.000212965859355878 0.000216328602076519
0.999586018794409 0.000205969909078541 0.000208011296512699
0.999566361641508 0.000204991917141297 0.000228646441350765
0.999578265106418 0.000200652966328816 0.00022108192725311
0.999582378341167 0.000211473073997696 0.000206148584835256
0.999569422924515 0.000215625742327689 0.000214951333156889
0.999578082746343 0.000215993083601465 0.000205924170055836
0.999581207630697 0.000205732778965054 0.000213059590338168
0.999577071987404 0.000200004891858712 0.00022292312073763
0.999584415500355 0.000201080170623411 0.000214504329021816
0.999560047701378 0.000243163899804394 0.000196788398817252
0.999581233708132 0.000203982203655457 0.000214784088212509
0.999566089357629 0.000205021500902398 0.000228889141468978
0.99957980652523 0.000213485865665407 0.000206707609104112
0.999580461229189 0.000207784553626054 0.000211754217184615
0.999579353701113 0.000209833983864139 0.000210812315022455
0.999577908032683 0.000200714776262655 0.000221377191054545
0.99957705236788 0.000200002058065095 0.000222945574055156
0.999571284747759 0.000213195439876896 0.000215519812364315
0.999565861783648 0.000225509990799137 0.000208628225552402
0.999577966310225 0.000207086071656043 0.000214947618118734
0.999586601351058 0.000205595656046254 0.00020780299289566
0.999578642242951 0.000214497114884415 0.000206860642164147
0.999578881086764 0.000215315984945307 0.000205802928291025
0.999579788169033 0.000208040491017338 0.000212171339949942
0.999575701092509 0.000218746654972654 0.00020555225251852
0.99957391377285 0.000211565409432746 0.000214520817717388
0.999579598906446 0.000201363474177369 0.000219037619377043
0.99958518271653 0.000208240019526944 0.000206577263943213
0.999581645723927 0.000206497033162352 0.000211857242910447
0.000223969278542148 0.000204493557351221 0.999571537164107
0.999582247752126 0.000211496533584326 0.000206255714289533
0.999581541696224 0.000205564701481592 0.000212893602294448
0.999578270532238 0.000200654124270746 0.000221075343490919
0.999577129193715 0.000200802426824158 0.000222068379461313
0.999580538116532 0.00020761649186847 0.000211845391599449
0.999578804749006 0.000207149360456081 0.000214045890537521
0.999574218749702 0.000208322735217958 0.000217458515080159
0.999582554012462 0.0002037541816208 0.000213691805916829
0.9995802703984 0.000201286990072925 0.000218442611526875
0.99956494986152 0.000233088180627715 0.000201961957851955
0.0166205182718901 0.983149344306505 0.000230137421605077
0.999568464126224 0.000233496246044908 0.000198039627731319
0.999560925345541 0.00024224656022854 0.000196828094230549
0.999568553662518 0.000205872908806703 0.0002255734286757
0.999574194746434 0.000201090993870195 0.000224714259695401
0.999581119938271 0.000207371235678064 0.000211508826050952
0.999558581397918 0.00024061013254567 0.000200808469536737
0.999570411565762 0.000212957885417658 0.000216630548820056
0.999580769282218 0.000207711879611175 0.000211518838170658
0.0141163424086992 0.985673993036355 0.000209664554946101
0.999559864291358 0.000220565040904926 0.000219570667737038
0.999564308565851 0.000227649763717492 0.000208041670431813
0.999572147716706 0.000210258532179438 0.000217593751114516
0.999575499018398 0.000200929525446264 0.00022357145615524
0.999577904702713 0.000200714652034918 0.000221380645252363
0.999585184132933 0.000208239876771447 0.000206575990295712
0.999577242353199 0.000201205875683584 0.000221551771117802
0.999570890971804 0.000212886363492002 0.000216222664703838
0.999578176720623 0.00021597385110802 0.000205849428269019
0.9995722341648 0.000210293276923484 0.000217472558276142
0.999581531139594 0.000205472532139602 0.000212996328266794
0.999568774986422 0.000216271705698153 0.000214953307880241
0.99958170103952 0.000205530746977253 0.00021276821350254
0.999578036397074 0.000200614287307222 0.000221349315619058
0.99955493802794 0.000236481345000464 0.000208580627059362
0.999551559932929 0.000243990990265381 0.000204449076805552
0.999577214199415 0.000200000322376921 0.000222785478208523
0.99953896226079 0.000251571706333636 0.00020946603287644
0.999565765676979 0.000230624508254167 0.000203609814766949
0.999576266282891 0.000200029845602177 0.000223703871507086
0.999580031961626 0.000208236358659884 0.000211731679713721
0.999581543489075 0.000205564539707403 0.000212891971217704
0.999266612750707 0.000536415054896887 0.000196972194396101
0.999575883969506 0.000211136733463474 0.000212979297030412
0.999583345551733 0.000209179982531341 0.000207474465735411
0.999581542961711 0.000205567243937513 0.000212889794351246
0.99958190625463 0.000205480935096735 0.000212612810273328
0.999572617684792 0.000210218420486424 0.00021716389472121
0.999581342423491 0.00020392156238961 0.000214736014119388
0.999577940252983 0.000200764483412176 0.000221295263604753
0.999581249591065 0.00020575749523787 0.000212992913696953
0.999580023689385 0.000208115306024462 0.000211861004590466
0.999569205457042 0.000216037207957094 0.000214757335000775
0.999586850079719 0.000205386626799292 0.000207763293481637
0.999579902139907 0.000208944440435476 0.000211153419657492
0.999586544339823 0.000205622280570913 0.000207833379605661
0.999576623780407 0.000200814805178571 0.000222561414414796
0.99955855763551 0.000240592413344398 0.000200849951145322
0.99958073415991 0.000203942239914376 0.000215323600175156
0.999581547003702 0.000205648874400319 0.000212804121897307
0.999580503941935 0.000213432374165959 0.000206063683899455
0.999570071641603 0.000216648523770388 0.00021327983462675
0.999582117821272 0.00020381992866588 0.000214062250061994
0.999570723055054 0.000206743627157967 0.000222533317787852
0.999571605578848 0.000212577921967262 0.000215816499184844
0.999566082532635 0.000230552308011336 0.000203365159353992
0.999580983229013 0.000205768854700304 0.000213247916286625
0.999561021347535 0.000210381982599034 0.000228596669866478
0.999569517202952 0.000210600067069445 0.000219882729978354
0.999565839869533 0.000225566605398377 0.000208593525068753
0.99955209988241 0.000205479983322586 0.000242420134267043
0.999570744913382 0.000212930379871719 0.000216324706746641
0.999576989905459 0.000200814781502794 0.000222195313038369
0.999576006644913 0.000211208861423087 0.000212784493664462
0.999578772184928 0.000210002807762713 0.000211225007309453
0.999559384030402 0.00021298331448396 0.000227632655114249
0.999582105879822 0.00021166851686719 0.000206225603311287
0.9995849842695 0.000208344020005732 0.000206671710493938
0.999578489614348 0.000215640930086203 0.000205869455566146
0.999577552653676 0.000216826105838642 0.000205621240484959
0.999579769756468 0.000201411519052444 0.000218818724479863
0.000205616177666529 0.000201932602614696 0.999592451219719
0.999585029392094 0.000208329020100279 0.000206641587805526
0.99956934153922 0.000215965066920508 0.00021469339385933
0.999579674242021 0.000208083262753487 0.000212242495225172
0.999576882352406 0.000200018211301959 0.000223099436291838
0.999582015465879 0.000203821653521023 0.000214162880599594
0.999580787476871 0.00020585817073609 0.000213354352392907
0.99957449810913 0.000216508669009821 0.000208993221860066
0.999581549253805 0.000205648559902968 0.00021280218629185
0.999576895820916 0.000217215207373492 0.00020588897171049
0.999570851080386 0.000220673292971331 0.000208475626642537
0.999581207924355 0.000205732676312659 0.00021305939933282
0.999580638823018 0.000205910670172244 0.000213450506810297
0.999587166599977 0.000209008789502763 0.000203824610520391
0.999581701552634 0.000210506662474307 0.000207791784892034
0.999568832870444 0.000207311657609456 0.000223855471946082
0.999544666842353 0.000251140107467605 0.000204193050179766
0.999553497249588 0.000240654147801819 0.000205848602609958
0.999578278498079 0.000200653793459553 0.000221067708461554
0.999534114605362 0.00022649171205997 0.00023939368257799
0.999578721085802 0.000200625857533454 0.000220653056664888
0.999582437824961 0.000211433594459992 0.000206128580578673
0.999577893177409 0.000200719111729891 0.000221387710860711
0.999576011644863 0.000200032138218821 0.000223956216918148
0.999585178720414 0.00020482747008918 0.000209993809497195
0.999566292762199 0.000226802709789373 0.000206904528011891
0.999561530328452 0.000237162890913963 0.000201306780634583
0.999562438272495 0.000229242499746824 0.000208319227758119
0.99958084982563 0.000207498139073665 0.000211652035296233
0.999581937897676 0.000211759435215207 0.000206302667108535
0.99956424543168 0.00023346621033622 0.000202288357984216
0.999580155004365 0.000208043692160484 0.000211801303474882
0.999582114544458 0.000203819041832731 0.000214066413709026
0.999581836096776 0.000205493051393009 0.000212670851830544
0.999578837603383 0.000200620049157674 0.000220542347459028
0.999586729692101 0.000205517799726195 0.00020775250817272
0.999580798194003 0.000207721208092826 0.000211480597903764
0.9995800699592 0.000208193553772837 0.000211736487027392
0.999576891994797 0.00021727830106226 0.000205829704141072
0.999577453032831 0.000200890677208671 0.000221656289960052
0.999579469406951 0.000208437037360923 0.000212093555687641
0.99958153541924 0.000205575385393342 0.000212889195366868
0.999579339133052 0.000214875500279648 0.000205785366667947
0.999579723399586 0.000200817976566398 0.000219458623847261
0.99958149659755 0.000205473628074642 0.000213029774375326
0.999581541937393 0.000205644911624017 0.000212813150982783
0.999581518606249 0.000205685560522547 0.000212795833228196
0.999579464243449 0.000208252128129907 0.000212283628420572
0.999579186420386 0.000204171760283174 0.000216641819330702
0.999569464026309 0.000215761051738668 0.000214774921952006
0.99956903650719 0.000205801284816673 0.000225162207993619
0.999577264868607 0.000207429821016739 0.000215305310376746
0.999581072326552 0.000207478014712773 0.000211449658735126
0.999563536407782 0.000207795224434824 0.000228668367783258
0.999583725453268 0.000212752577553397 0.000203521969178673
0.999576008059328 0.000200031529826771 0.000223960410845158
0.999566432226701 0.00023046052802528 0.000203107245273275
0.999581910624235 0.000205478496165495 0.000212610879599417
0.999581210804735 0.000212272621931975 0.000206516573333094
0.999569022261312 0.000216986297268834 0.000213991441419677
0.999577751179085 0.000200713859936958 0.000221534960978562
0.999581302745572 0.000205711936708551 0.000212985317719922
0.999580534000515 0.000207919828239968 0.000211546171244965
0.999540271302779 0.000240665503157741 0.000219063194063127
0.999578423192676 0.000206814573108008 0.000214762234216203
0.999568414259938 0.000213802849361149 0.000217782890701314
0.999580983171144 0.000204690385468169 0.000214326443388181
0.999562674753683 0.000220870827894288 0.000216454418423159
0.999578329927957 0.000204259962981417 0.000217410109061884
0.999580463489406 0.000207901581623817 0.000211634928969665
0.999581183175796 0.000212443244638719 0.000206373579565256
0.999581684445223 0.000205512396511738 0.000212803158265098
0.999576487575211 0.000207212761638226 0.000216299663150526
0.999581119998116 0.000207369455255455 0.000211510546628351
0.999577216605305 0.000200003794937738 0.000222779599757021
0.999564715826864 0.000233179207253225 0.000202104965882499
0.999568556606378 0.000205872878757334 0.000225570514864775
0.999577450423059 0.000200890163024545 0.000221659413916629
0.999580775619794 0.00020762813371287 0.000211596246493379
0.99956499614177 0.000233157193904269 0.000201846664325581
0.999559580195322 0.00023911768958841 0.000201302115089373
0.999577702920438 0.000210511187233168 0.000211785892329167
0.999556267686088 0.000237907852657636 0.000205824461254374
0.999569296828262 0.000215819295934645 0.000214883875803029
0.999581302461546 0.00020387916638752 0.000214818372066172
0.999562085472497 0.000217035985318803 0.000220878542183824
0.99958133642883 0.000205700775821204 0.000212962795348777
0.999569088800454 0.000205835507482579 0.000225075692063742
0.999560139094042 0.00024302204021493 0.000196838865742952
0.999572975559637 0.000210183126421899 0.000216841313940976
0.99958084969069 0.000207595136538331 0.000211555172771194
0.999581211824139 0.000205732395171724 0.000213055780689335
0.999565311561562 0.000226651145112223 0.000208037293325588
0.99957852674293 0.000210252126557168 0.000211221130513002
0.000223622374838502 0.000230982910462483 0.999545394714699
0.000205223830146834 0.000200975779520985 0.999593800390332
0.000203307932979786 0.000212965918445696 0.999583726148574
0.000206649383991523 0.000198777915494125 0.999594572700514
0.000208160394396512 0.000200338232705457 0.999591501372898
0.000228874220713205 0.00025925814556178 0.999511867633725
0.000234664316852933 0.000291668486600529 0.999473667196547
0.000208855621945379 0.000200587115259593 0.999590557262795
0.000208479533509509 0.000199482295181186 0.999592038171309
0.000207694675864718 0.000199601856018572 0.999592703468117
0.000207581692657026 0.000199590468591508 0.999592827838751
0.000219105470420911 0.000224913487763114 0.999555981041816
0.000204991636277462 0.000200980981722456 0.999594027382
0.000206543860538859 0.000202017574375992 0.999591438565085
0.000218999029340698 0.000224807452181973 0.999556193518477
0.000207538745739959 0.000199587016545889 0.999592874237714
0.000268583452194653 0.000450363563056665 0.999281052984749
0.000207811732826517 0.000199537629924369 0.999592650637249
0.000207193862736564 0.000198773845310162 0.999594032291953
0.000231121382414587 0.999524017698833 0.000244860918752607
0.000200683179275494 0.999606438775674 0.000192878045050523
0.000218592827630597 0.999567075006699 0.000214332165669931
0.000213949586923073 0.999575626131104 0.000210424281972783
0.00021469262899254 0.999573628074719 0.000211679296288676
0.000240107279468056 0.999488159702275 0.000271733018257069
0.000224241041770745 0.99954166810799 0.000234090850239083
0.000215359857729212 0.999560536103294 0.000224104038976411
0.000194426675500445 0.999613425237062 0.00019214808743711
0.000217759940764348 0.999553358145159 0.000228881914076401
0.000192388255173713 0.999627474507068 0.000180137237758642
0.000214995621053402 0.999572795503774 0.000212208875172862
0.000209346677833088 0.99958247548999 0.000208177832176919
0.000264200234691753 0.999411136823892 0.000324662941416086
0.000237241482727735 0.999488337047127 0.000274421470145335
0.000259557492475287 0.9994117119094 0.000328730598124865
0.000198821769151136 0.999607064283738 0.00019411394711113
0.000212455916935591 0.99958103984872 0.000206504234344521
0.000209389367183823 0.999582439175692 0.00020817145712459
0.000218418915716406 0.999555273684889 0.00022630739939442
0.000214029177156302 0.999575565265669 0.000210405557174585
0.00020961003798085 0.999582214611377 0.000208175350642441
0.000212739510603035 0.999577409994068 0.000209850495328952
0.00021366391907083 0.999575941704359 0.000210394376569752
0.000220026327325089 0.999565383935491 0.000214589737183504
0.000216108725729175 0.999553199567596 0.000230691706674384
0.000209028414342067 0.999576212363597 0.000214759222060973
0.000197544855260975 0.999608770479979 0.000193684664760016
0.000209558255582615 0.999582229550368 0.000208212194049628
0.000209494224298072 0.999582359762712 0.000208146012989977
0.000211055504925614 0.999571556574737 0.000217387920337577
0.000212062580890229 0.999578225458166 0.000209711960943347
0.000212046520078832 0.999578263993868 0.000209689486053199
0.000213954140697808 0.999575615303544 0.000210430555758408
0.000238541467331339 0.999474793903995 0.000286664628674012
0.00020920881486955 0.99958262518401 0.000208166001120762
0.000232076452032038 0.999524116006929 0.00024380754103859
0.000211910219080271 0.999578398159515 0.000209691621404802
0.000216088078651169 0.999553057569334 0.000230854352014695
0.000189327236337719 0.999629908246683 0.000180764516979554
0.000218658178252091 0.999566980467676 0.000214361354071972
0.000233198612706151 0.99949489658202 0.000271904805273741
0.000224710864069866 0.999540532386522 0.00023475674940768
0.00021266374078004 0.999577606915429 0.000209729343791019
0.00021049023988706 0.999579908733204 0.000209601026908804
0.000203964798614537 0.999598973254746 0.000197061946639463
0.000238369699224424 0.999526768597684 0.000234861703091598
0.000209558172713609 0.999582260557324 0.000208181269962842
0.00021366196019661 0.999575945454017 0.000210392585786635
0.000187784618682552 0.999632159550795 0.000180055830522852
0.000195439911232963 0.999612038992838 0.000192521095929303
0.000280497663485175 0.999257248057986 0.000462254278529197
0.000212076423217645 0.999578194284928 0.000209729291854296
0.000230356731124609 0.999525957548949 0.000243685719925934
0.00024336013795004 0.999451683701062 0.000304956160987735
0.000186988130317387 0.999633264895798 0.000179746973884922
0.000214024899194792 0.999575546667841 0.00021042843296443
0.000230062970919801 0.999525633901037 0.000244303128043187
0.000214213766820778 0.999575379694285 0.0002104065388945
0.000212141326365362 0.999578141196213 0.000209717477421768
0.000204903663594543 0.999600750011121 0.000194346325284622
0.000202056348210318 0.999602166421051 0.000195777230738841
0.000205165265098277 0.999600482608237 0.000194352126664688
0.000200497877852976 0.999599987741032 0.000199514381114822
0.000217634247933576 0.999573855348006 0.000208510404060839
0.00026894542427964 0.999454972629297 0.000276081946423534
0.000233474882069695 0.999473048570806 0.000293476547124703
0.000256468977740392 0.999442621916135 0.000300909106124268
0.00021372455646528 0.999575884076571 0.000210391366963951
0.000214952242859113 0.999574586595054 0.000210461162086541
0.000195431406114136 0.999612036225499 0.000192532368386517
0.00023108134976228 0.999524928180303 0.00024399046993514
0.000215895174727993 0.999552985997625 0.000231118827647245
0.000236327479431615 0.999517790714673 0.000245881805895431
0.000262984940000171 0.999408590283196 0.000328424776803674
0.000187857737546554 0.999632142779409 0.000179999483044513
0.00021403988543393 0.99957555129277 0.000210408821796203
0.000203209040625746 0.999599777402239 0.000197013557135463
0.000231481652291291 0.999523982645752 0.000244535701956327
0.000187888443284062 0.999632041838306 0.000180069718410049
0.000214289711828283 0.999573946144465 0.000211764143706638
0.000213651423260107 0.999575902198995 0.000210446377745261
0.000209579683912791 0.999582224165793 0.000208196150294303
0.000209570228902384 0.999582259404707 0.000208170366390323
0.000218928202139052 0.999567775891029 0.000213295906832315
0.000211874536795256 0.999578405909056 0.000209719554149161
0.000208079142751759 0.99959302855805 0.00019889229919802
0.000209629200888917 0.999582195410808 0.00020817538830293
0.000203336815693525 0.999600240946226 0.000196422238080801
0.000214229460522725 0.999575300485191 0.000210470054286476
0.000257248092658564 0.999462576072695 0.000280175834646036
0.000213683374678983 0.999575919075873 0.000210397549447749
0.000239124493047352 0.999490258441117 0.000270617065835359
0.000211513051626619 0.999584257829558 0.000204229118815011
0.000256237166256261 0.999442908340814 0.00030085449292938
0.000219202134028727 0.999580435754795 0.000200362111176319
0.00020797371671341 0.999584485848849 0.000207540434437111
0.000205402987137654 0.000200984635708954 0.999593612377153
0.000208208072348117 0.000199527354194644 0.999592264573457
0.000207885624127797 0.000199569693264528 0.999592544682608
0.000226035062138017 0.000230913913492534 0.999543051024369
0.000205673332646175 0.000201936711936644 0.999592389955417
0.000206897967262502 0.000198778207927236 0.99959432382481
0.000208148563597344 0.000199608208264038 0.999592243228139
0.000222983512160287 0.000218644864066994 0.999558371623773
0.000219330617306517 0.000224620757592168 0.999556048625101
0.000251007101236242 0.000283407063523251 0.99946558583524
0.000207309991837953 0.000198755313297443 0.999593934694865
0.000205254912635617 0.000200976743982146 0.999593768343382
0.000227046563004064 0.000231602487705435 0.999541350949291
0.000209183004936196 0.000200489237100099 0.999590327757964
0.000206662416614984 0.0001987776402618 0.999594559943123
0.000208648663025354 0.000199513890530393 0.999591837446444
0.000230881286281471 0.000292622883478316 0.99947649583024
0.000205182000363906 0.000200975749231929 0.999593842250404
0.000221492003863209 0.000382532209305166 0.999395975786832
0.000208133523204581 0.00019961456373317 0.999592251913062
0.000207364145507847 0.000198758545717703 0.999593877308774
0.000212047981183599 0.99957822950288 0.000209722515936428
0.000231218496778702 0.999524273496275 0.000244508006946163
0.000214034106416469 0.99957556977288 0.00021039612070333
0.00025578409891879 0.999464994381434 0.00027922151964686
0.000271228780110343 0.999419701716143 0.000309069503746862
0.000230931181727078 0.99949500658764 0.000274062230632665
0.000213982156545119 0.999575614311676 0.00021040353177889
0.000212124130988782 0.999578161312045 0.000209714556966409
0.000199365351114976 0.999608116981878 0.000192517667006587
0.00020917427433687 0.99958264882034 0.000208176905323434
0.00020886487220879 0.999576194998985 0.000214940128805818
0.000208138297827412 0.999584251666166 0.000207610036006383
0.000230184437385624 0.99952591419099 0.000243901371624318
0.000221789914853507 0.999563442337361 0.000214767747785628
0.00020802386316902 0.999584409063666 0.00020756707316547
0.000214012956825269 0.999575562301364 0.000210424741811111
0.000214986041122456 0.999572988971557 0.000212024987320181
0.00023994743292412 0.999525054486097 0.000234998080978849
0.000213671600602003 0.999575930751739 0.000210397647658774
0.000205341932247862 0.999588662180398 0.000205995887354231
0.000238301372843524 0.999486744357982 0.000274954269174097
0.000223247766652603 0.999539365222256 0.000237387011091059
0.000222493032484708 0.999539973646363 0.000237533321151995
0.000209575723178512 0.99958225516809 0.000208169108731054
0.000194568039022802 0.999613277756511 0.000192154204466304
0.000221070636903716 0.999526896469446 0.000252032893650167
0.000213665834760043 0.999575914850724 0.000210419314516064
0.000222732766310953 0.999539946875235 0.000237320358454152
0.000211949324723404 0.999578440285235 0.000209610390041882
0.00022209304177342 0.99956202104597 0.000215885912257054
0.000209448431398024 0.999582379281543 0.000208172287058725
0.000209019060044242 0.999575709574072 0.000215271365883579
0.000202693369198196 0.999601546435123 0.000195760195678336
0.000218631716307087 0.999570264821657 0.000211103462035482
0.000215172421369013 0.999576903490395 0.000207924088236417
0.000208062599327098 0.99958436222257 0.000207575178102739
0.00021207583917898 0.999578231064845 0.000209693095976468
0.000222471150065831 0.999540297450347 0.000237231399587361
0.000223274476085396 0.999538993330366 0.000237732193548114
0.000198431708178858 0.99960783575746 0.000193732534361323
0.000215325756536176 0.999572627949497 0.000212046293966529
0.000214010143875816 0.999575567885871 0.000210421970252874
0.000227805033310113 0.999556683988941 0.000215510977748451
0.000224985542484152 0.999558369708279 0.000216644749237274
0.00024284416358983 0.999448883811588 0.000308272024821939
0.00021189806764079 0.999578390628048 0.000209711304310924
0.000202106279666009 0.999602158498418 0.00019573522191604
0.00021065411291855 0.999579672793996 0.000209673093085828
0.00019879387522815 0.999607086401849 0.000194119722922607
0.000208143882209315 0.999584286511786 0.000207569606004938
0.000220587413529451 0.999565133501403 0.000214279085067856
0.000217426639341429 0.999547603700173 0.000234969660485776
0.000222572291698635 0.999540242649644 0.000237185058657308
0.000206706248069617 0.999586309376656 0.000206984375273836
0.000202905361503804 0.999601255882018 0.00019583875647775
0.000210937346093839 0.999568807140454 0.000220255513452015
0.000213411200705798 0.999576201374249 0.000210387425045437
0.000209522466350219 0.999582305125551 0.00020817240809836
0.000215798232280503 0.999572391865572 0.000211809902147768
0.000205963659916042 0.000201841745510775 0.999592194594573
0.000207259368369738 0.000198777597474257 0.999593963034156
0.000207321190957193 0.000198781220931325 0.999593897588111
0.000225202385416262 0.000232052862691661 0.999542744751892
0.00024280012064236 0.000250529769096868 0.999506670110261
0.000207361078925654 0.000198774706694749 0.99959386421438
0.00020720634313556 0.000198769888452146 0.999594023768412
0.000207611233879131 0.000198770850142794 0.999593617915978
0.000197457398826071 0.999608865102531 0.000193677498642794
0.000214042684272746 0.999575546786375 0.000210410529351882
0.000197544699013989 0.99960878192914 0.000193673371846274
0.000194158636484544 0.999622923401735 0.000182917961780811
0.000209359901984602 0.999582466912734 0.000208173185281703
0.000197639311430008 0.999608670262646 0.000193690425923971
0.000193865556373416 0.999617232247433 0.000188902196193152
0.000224109156504342 0.999541551014867 0.000234339828628476
0.000202346583107253 0.999601916433229 0.000195736983663526
0.000280496754103026 0.99938303463793 0.000336468607966703
0.000195538643080662 0.999611917553017 0.000192543803901841
0.000225656792462365 0.999539036637762 0.000235306569775886
0.000209362344267199 0.999582464237826 0.000208173417907176
0.000216297028675514 0.999550959742441 0.000232743228883742
0.000223439330703025 0.999538888286229 0.000237672383067861
0.00020966156710822 0.999582131981555 0.000208206451336922
0.000205203095524283 0.999588789152948 0.000206007751527641
0.000214065836319912 0.999575499541491 0.000210434622189136
0.000216684888662909 0.999570708500773 0.000212606610564153
0.000198666322828167 0.99960732569448 0.000194007982692089
0.000201111538984676 0.999603262850577 0.000195625610438304
0.000221334272022684 0.999564136862637 0.000214528865340528
0.000194676055085214 0.999613151491704 0.000192172453210618
0.000208059085473093 0.999584387880403 0.000207553034123766
0.000204505355006312 0.999601249001096 0.000194245643897244
0.000214831793217068 0.999573238069733 0.000211930137049819
0.000213638913818832 0.999575971769534 0.000210389316647331
0.000223488949509995 0.999542425770967 0.000234085279523265
0.000209924308261359 0.999574745840951 0.000215329850787309
0.00023005678580136 0.999507323245879 0.000262619968320041
0.000207025722404996 0.000198752813938559 0.999594221463657
0.000208293158194342 0.000200631028079984 0.999591075813726
0.000207696123247076 0.000199605117894727 0.999592698758858
0.000207336642343235 0.000198767307969618 0.999593896049687
0.000206080795523417 0.000201929260320391 0.999591989944156
0.000248384590361533 0.000284790616737123 0.999466824792901
0.000221078624487267 0.000218514286835353 0.999560407088677
0.00022102188318072 0.000202870939731835 0.999576107177087
0.000208791535021634 0.000201534465312557 0.999589673999666
0.000207757177183713 0.000199608901545451 0.999592633921271
0.000220353957330758 0.000224556123951711 0.999555089918718
0.000208855781282958 0.000200587115879311 0.999590557102838
0.000208404481833988 0.000199559733727794 0.999592035784438
0.000205674736931253 0.000201940738800529 0.999592384524268
0.000208122365406074 0.000199567268320632 0.999592310366273
0.00020836012540863 0.000199558878410221 0.999592080996181
0.000207040098430925 0.000198765224063182 0.999594194677506
0.000207156467112413 0.000198768825667356 0.99959407470722
0.000207352943584591 0.000198773816177232 0.999593873240238
0.000207759302104563 0.000199538012882329 0.999592702685013
0.000234530276639303 0.000288261646372053 0.999477208076989
0.000227058043965025 0.000231539551447235 0.999541402404588
0.000203892204260165 0.000204913547731602 0.999591194248008
0.000209201000744996 0.000200464020292949 0.999590334978962
0.00020717834925636 0.000199135082238876 0.999593686568505
0.000207209869167611 0.000198877021270504 0.999593913109562
0.000208650872889215 0.000200542488338842 0.999590806638772
0.000206443874178558 0.000201477214788304 0.999592078911033
0.000203617629057746 0.000204494224382979 0.999591888146559
0.00020820470371753 0.000199587471536578 0.999592207824746
0.000207280002123033 0.000198896087648861 0.999593823910228
0.000205953840929858 0.000201912215064341 0.999592133944006
0.000218696781524584 0.000226874691118939 0.999554428527357
0.000205581848401121 0.000201936450959484 0.999592481700639
0.000205184064739254 0.00020097660686523 0.999593839328396
0.000207208845638653 0.00019876927309653 0.999594021881265
0.00022815550914083 0.000252058314582665 0.999519786176276
0.00022190734047561 0.000218690229826308 0.999559402429698
0.000223478640022468 0.000218753099644768 0.999557768260333
0.000205784121884088 0.00020472324322489 0.999589492634891
0.000219428522160482 0.000224689065080656 0.999555882412759
0.000204339761301302 0.000204435798321501 0.999591224440377
0.000253757394227331 0.00029859615938179 0.999447646446391
0.000207554042774123 0.000198759156875466 0.99959368680035
0.000205185545968444 0.000200977497188058 0.999593836956843
0.000207120709588958 0.000198769915628927 0.999594109374782
0.000207972037436713 0.000199591015280922 0.999592436947282
0.000207965807112067 0.000199576298644406 0.999592457894244
0.000208123470147996 0.000209014777383993 0.999582861752468
0.000235353576988909 0.000291530475006505 0.999473115948005
0.000256456517844304 0.00034782911549273 0.999395714366663
0.000208082713698077 0.000199530815182202 0.99959238647112
0.00024679712582063 0.000250728959744321 0.999502473914435
0.000228914992693392 0.000231138841680274 0.999539946165626
0.000218440651489891 0.000224663604855572 0.999556895743654
0.000208374490859741 0.000200682601764467 0.999590942907376
0.000227473319816578 0.000230475815759108 0.999542050864424
0.000202740379495205 0.000206897688625499 0.999590361931879
0.000206846823633009 0.000198768802424519 0.999594384373943
0.000207447295895149 0.000199425079900648 0.999593127624204
0.000207865424287156 0.000199551359287955 0.999592583216425
0.000205954105926343 0.000201912191684288 0.999592133702389
0.000208486615446651 0.000199485129640844 0.999592028254913
0.000205718719827317 0.000201949692543827 0.999592331587629
0.000224896498622211 0.000231534115886011 0.999543569385492
0.000205743988095357 0.00020187717641158 0.999592378835493
0.000206891895502184 0.000205287268420464 0.999587820836077
0.00020731948601243 0.000198778327356843 0.999593902186631
0.000226151442009703 0.000231340548390051 0.9995425080096
0.000212722862275221 0.000207308960670993 0.999579968177054
0.000221945555359453 0.000202839071309997 0.99957521537333
0.0002075817136147 0.000199590424147172 0.999592827862238
0.000206856274244873 0.000198774550891311 0.999594369174864
0.000207030255943422 0.000211850664099179 0.999581119079957
0.000207957017453915 0.000199575809160841 0.999592467173385
0.000206883229375177 0.000198773892396947 0.999594342878228
0.000219322096705859 0.000224596505155645 0.999556081398139
0.000205890958523426 0.000201915582989274 0.999592193458487
0.000207309890495932 0.0001987594290286 0.999593930680476
0.000207243675577304 0.00019960805648082 0.999593148267942
0.000207211749743014 0.000198815919355276 0.999593972330902
0.000207953713522014 0.000199569679959494 0.999592476606519
0.000207956811148584 0.000199577160015608 0.999592466028836
0.000208550768869428 0.000199525951584694 0.999591923279546
0.000207766815474939 0.000199535507605864 0.999592697676919
0.000222969960274721 0.000218633984669223 0.999558396055056
0.000222540853222398 0.000240673157237015 0.999536785989541
0.000221052195642313 0.00024036807214472 0.999538579732213
0.000205224007990991 0.000200975744756673 0.999593800247252
0.000204783017046156 0.000200985633408253 0.999594231349546
0.000207888522043093 0.000199572950153502 0.999592538527803
0.000205635858240207 0.000201958404493856 0.999592405737266
0.000208430050478671 0.000200483512198769 0.999591086437323
0.000207997045525569 0.000199680820815724 0.999592322133659
0.000204993838472479 0.00020098106701607 0.999594025094511
0.000206924300651365 0.00019877309902441 0.999594302600324
0.000218721476731453 0.000224476122836374 0.999556802400432
0.000205683787726241 0.000201879644345764 0.999592436567928
0.000206404511740164 0.000203216063319062 0.999590379424941
0.000220319252718799 0.000202925841337824 0.999576754905943
0.000215951559944214 0.000204493691796819 0.999579554748259
0.000204959568557696 0.000200975228133789 0.999594065203309
0.000207422860734115 0.000198766956031662 0.999593810183234
0.000218203859684505 0.000225049081930081 0.999556747058385
0.000204727461103762 0.000204105576470488 0.999591166962426
0.000207885601184769 0.00019956969730156 0.999592544701514
0.000207321293936279 0.000198778353222921 0.999593900352841
0.000223051215762532 0.000218642272328104 0.999558306511909
0.000220113999540152 0.000248683379780621 0.999531202620679
0.000207578842591881 0.000199587014394099 0.999592834143014
0.000227061672196426 0.000236016970354586 0.999536921357449
0.000208222975148753 0.000210749855546945 0.999581027169304
0.000205382857264935 0.000200987175486633 0.999593629967248
0.000223418800879511 0.000240854956240675 0.99953572624288
0.000228949042467158 0.000231193103094234 0.999539857854439
0.000209211120652863 0.000200681503878886 0.999590107375468
0.000208443898559229 0.000200519927712572 0.999591036173728
0.000205776613928592 0.00020197860724749 0.999592244778824
0.000209459938652371 0.000200516301383607 0.999590023759964
0.000208051012461081 0.00019956983853149 0.999592379149007
0.000206284076398128 0.000201959729386293 0.999591756194216
0.000205311268414707 0.000200980225641926 0.999593708505943
0.000205551996123831 0.000200953316525483 0.999593494687351
0.000233700750750603 0.000288423177248203 0.999477876072001
0.000207636031094465 0.000199586992500193 0.999592776976405
0.00020633392910989 0.000201523878888116 0.999592142192002
0.000207472387087185 0.00019954298862485 0.999592984624288
0.000207803755190341 0.000199548492205349 0.999592647752604
0.000206822360439755 0.000198768805378434 0.999594408834182
0.000262588873097064 0.000387022626499735 0.999350388500403
0.000218828020062397 0.000224825930402129 0.999556346049535
0.000207864995481096 0.000199551536217036 0.999592583468302
0.000206719492800234 0.000198784982928272 0.999594495524271
0.000204993205369289 0.000200982366892047 0.999594024427739
0.000207312588353424 0.000198773197089423 0.999593914214557
0.0002240461856472 0.000238962495897571 0.999536991318455
0.000219773468025753 0.000279181786151556 0.999501044745823
0.871154407897103 0.000211402770626094 0.128634189332271
0.999550707684864 0.000237504396063262 0.000211787919072983
0.999571522286871 0.000212609765565144 0.000215867947563866
0.999572477406367 0.000201195021425313 0.000226327572207534
0.000216018205638729 0.999571775127459 0.000212206666902421
0.99957182026699 0.000210334175570685 0.000217845557439502
0.999571684829235 0.000210578743457862 0.000217736427307069
0.999571827333965 0.000210342040199886 0.000217830625835212
0.999577156778483 0.000210242876316591 0.000212600345200161
0.999582357072518 0.000205296518725632 0.000212346408755948
0.999586199294517 0.000209768881043566 0.000204031824439082
0.000249242249972139 0.999481153735071 0.000269604014956517
0.999565245627462 0.000206348677199407 0.000228405695338565
0.99956209008664 0.000236672357976686 0.000201237555383244
0.999580763996112 0.000207641982801736 0.000211594021085956
0.999578724214227 0.000200627119525584 0.000220648666247311
0.941757759929039 0.0580273408944171 0.000214899176544276
0.313293232717658 0.686497291869072 0.000209475413269967
0.975666839088317 0.0241308434460615 0.000202317465621492
0.999578123047489 0.000215973185008108 0.000205903767502614
0.000205743947532387 0.000201877165710268 0.999592378886757
0.000225015497423276 0.000238931269890731 0.999536053232686
0.00020857553784787 0.000199930996909488 0.999591493465243
0.000205835649994435 0.000200972578019301 0.999593191771986
0.000205677292307176 0.000200972965255758 0.999593349742437
0.000206483021212897 0.000201968381886243 0.999591548596901
0.000222157967352119 0.00023991086773574 0.999537931164912
0.34858293523758 0.000224663104278532 0.651192401658141
0.230093547934754 0.769697054186325 0.000209397878921452
0.999579607921176 0.000201383912940498 0.000219008165883192
0.999566426430999 0.000225908018615048 0.000207665550385651
0.779648476609456 0.220133312233768 0.000218211156776356
0.999580479361518 0.000207880409327999 0.000211640229154168
0.999589720913881 0.000206074866236048 0.000204204219883131
0.995751581569355 0.0040334493249087 0.000214969105736372
0.999575190859873 0.000220783592159699 0.000204025547967039
0.956863504898886 0.0429300794527629 0.00020641564835158
0.000214037672947076 0.999575527333584 0.000210434993469166
0.000211357689943079 0.999579107359547 0.000209534950509865
0.000202046697956415 0.999602210759082 0.000195742542961706
0.999559564172782 0.000239130337069222 0.000201305490148812
0.562640376446224 0.437135310068453 0.000224313485322463
0.99957495653666 0.000200051356819466 0.000224992106520526
0.999570412607763 0.000206862327796532 0.000222725064440473
0.000250807365516279 0.999434680325111 0.000314512309372845
0.0599765380505086 0.939821913398077 0.000201548551414643
0.000214290290936078 0.999575282437144 0.000210427271919811
0.999577713100901 0.000216363445225922 0.000205923453873456
0.9995344090823 0.000267299099651316 0.000198291818048891
0.999584252569251 0.000211448161192703 0.000204299269556293
0.000202348985402288 0.999601897226604 0.000195753787993393
0.484989638711177 0.514788123302275 0.000222237986547664
0.691269753962028 0.308532765251833 0.000197480786138997
0.999566601716248 0.00020499118802628 0.000228407095725532
0.000208845431720704 0.999592129616437 0.000199024951842422
0.999571164295164 0.000212695690547593 0.000216140014288692
0.999585038542448 0.000208282683384528 0.000206678774167313
0.0792431129441198 0.920546758641241 0.000210128414638757
0.9995796346957 0.000201473255410261 0.000218892048890272
0.999579090917203 0.000200578762872357 0.000220330319924611
0.999554406447858 0.000249111272528682 0.000196482279613323
0.930990572468673 0.0688052846130947 0.000204142918232335
0.865789190523938 0.134003408516198 0.000207400959863953
0.999570213994444 0.000221270658543297 0.000208515347012964
0.999578455741297 0.000206459802660493 0.000215084456042351
0.999581151502671 0.000205799689399231 0.000213048807929516
0.99957824164637 0.000200728884758694 0.000221029468871399
0.00489488523830477 0.994894720301161 0.000210394460534712
0.999571820713925 0.000210334180820729 0.000217845105254522
0.315424877316151 0.684346926225309 0.000228196458540304
0.999518710070042 0.000283620959769828 0.000197668970188677
0.999550637741618 0.000245658136521349 0.000203704121860946
0.364622156129132 0.635169042228334 0.000208801642533693
0.999571205572465 0.000200156591202541 0.000228637836332514
0.999577954420885 0.000216159483174733 0.000205886095940354
0.000207578962234584 0.000199586993343489 0.999592834044422
0.000207898366250078 0.0001995735191258 0.999592528114624
0.000207635378878717 0.000199587186667202 0.999592777434454
0.000207812050222656 0.000200144450686745 0.999592043499091
0.000208067487964509 0.000199576225695385 0.99959235628634
0.000208770168467191 0.000200607584702163 0.999590622246831
0.00020682131965207 0.000198768126957603 0.99959441055339
0.000205182147887172 0.000200975843511804 0.999593842008601
0.000206821324914263 0.000198768131587231 0.999594410543499
0.000221233300857166 0.000224548151556195 0.999554218547587
0.000219334556883495 0.000224608691413033 0.999556056751703
0.000223274177004767 0.000218635472441513 0.999558090350554
0.000207526593199594 0.000199567723297119 0.999592905683503
0.000206717665734024 0.00020186289518537 0.999591419439081
0.00020920556274226 0.00020066678799132 0.999590127649266
0.00020572737700426 0.000201933031395358 0.9995923395916
0.000224678311063115 0.000261316547022792 0.999514005141914
0.000205999800565638 0.000203068821102949 0.999590931378331
0.864511413107583 0.000211139985918105 0.135277446906499
0.000206165992035237 0.000201857543126177 0.999591976464839
0.000209543011544245 0.000199577130837949 0.999590879857618
0.000205024282609101 0.000200959281966726 0.999594016435424
0.394796539740749 0.000229594498182928 0.604973865761068
0.00020943803631495 0.000200728057055402 0.99958983390663
0.000217637985952987 0.000205828072814027 0.999576533941233
0.000224156553155651 0.000218599325834339 0.99955724412101
0.00023689244593135 0.000263425469239213 0.999499682084829
0.000222785095734905 0.000218661179303583 0.999558553724961
0.000208391629111647 0.000199629981599729 0.999591978389289
0.000205370089838469 0.000200963694125026 0.999593666216036
0.000207577508489294 0.000199595550336183 0.999592826941174
0.000219486943536046 0.999564993914165 0.000215519142298544
0.000186226252464845 0.999634018766462 0.000179754981072701
0.000205944212618795 0.000201890529239968 0.999592165258141
0.000205671866588947 0.000201940541868755 0.999592387591542
0.000233802427826665 0.00028822120808189 0.999477976364091
0.000208337075757612 0.000199610934876237 0.999592051989366
0.000245202303598069 0.000250465604935871 0.999504332091466
0.000205970277887668 0.000203261019600034 0.999590768702512
0.00020625937668454 0.000202249445533861 0.999591491177782
0.000227904496381265 0.000251767584556227 0.999520327919063
0.000208372296673356 0.000200617543873227 0.999591010159453
0.000207179517959221 0.000198807065150594 0.99959401341689
0.000208345138030256 0.000200635279304982 0.999591019582665
0.000226026635443687 0.000232841264124115 0.999541132100432
0.000206221490654397 0.000201982652996377 0.999591795856349
0.000207135294318979 0.000198765298500515 0.99959409940718
0.000207931045595018 0.000211539814708736 0.999580529139696
0.000226426787875181 0.000265974763806866 0.999507598448318
0.000229845710796252 0.000293217420537925 0.999476936868666
0.000208841880462756 0.000200542375533372 0.999590615744004
0.959134253055688 0.040659554823454 0.000206192120857825
0.999556115087901 0.000246456310005691 0.000197428602092965
0.999566835965707 0.000205004034579006 0.000228159999714478
0.999579334966736 0.000201545309660691 0.000219119723603124
0.999561424786635 0.000241862285656711 0.000196712927708756
0.999566349263961 0.000230469544654862 0.000203181191384346
0.999552667390785 0.000230293048657747 0.000217039560557308
0.999572654286742 0.000220792916400634 0.000206552796857389
0.99956025793447 0.000242927599094711 0.000196814466435543
0.999578480758104 0.000207063632331643 0.000214455609564517
0.999571801998731 0.000200148413888371 0.000228049587380464
0.999568510967333 0.000216389518880702 0.000215099513786685
0.999579098322287 0.000206638838196308 0.000214262839517
0.999570910412684 0.00021286804001419 0.00021622154730193
0.999566802186283 0.000226565089324595 0.000206632724392193
0.999577307535358 0.00020741076465953 0.000215281699982725
0.999571383994779 0.000212750573601595 0.000215865431619436
0.99958154116022 0.000205564722064777 0.000212894117715234
0.999568378198166 0.000216507900343126 0.000215113901491014
0.99958492819774 0.000208361364032696 0.000206710438227393
0.999570751226598 0.000212835052023057 0.000216413721378924
0.999566720715206 0.000227003540560451 0.000206275744233214
0.999565635870824 0.000225522071212396 0.000208842057963282
0.999485736824931 0.000294061367260387 0.000220201807808706
0.999578878259646 0.000200650901865194 0.000220470838488556
0.999579235906799 0.000208788997425353 0.000211975095775956
0.999581984397389 0.00021173678384752 0.000206278818763548
0.999577720477943 0.000207294389868681 0.000214985132188397
0.999518994563335 0.000263356958004962 0.000217648478660197
0.999581214228135 0.000205736931573432 0.000213048840291607
0.999571456562726 0.000217039880303591 0.000211503556970044
0.999549243408411 0.000237919018491685 0.000212837573097773
0.999561558669763 0.000237460534339735 0.000200980795897455
0.99957775193027 0.00020979894799453 0.000212449121735248
0.999582452910216 0.000203824027114836 0.000213723062668959
0.999571831224907 0.000210342322257631 0.000217826452835189
0.999516496182 0.000276672665343374 0.000206831152656692
0.999557590435941 0.000215512795136237 0.000226896768922358
0.999575995769202 0.000200031581563265 0.000223972649234376
0.999572785976897 0.000210166183199097 0.000217047839903756
0.99958022498363 0.000215974565540511 0.00020380045082961
0.999587425788471 0.000203863929346783 0.000208710282182636
0.999569176925682 0.000216058102195901 0.000214764972122146
0.999572792763845 0.000223785664749919 0.00020342157140513
0.999534854668695 0.000266916610060474 0.000198228721244806
0.999582513776726 0.000211324325142146 0.000206161898131689
0.999576906557677 0.000210220566104995 0.000212872876218523
0.999581363157223 0.000205599480205047 0.000213037362572368
0.999578438928403 0.000214791777394914 0.000206769294202054
0.999580031951165 0.000208105376680318 0.000211862672154301
0.999581543333909 0.000205644822870117 0.000212811843220717
0.999325703281694 0.000469231890287716 0.00020506482801834
0.999576773871002 0.000217168338634655 0.000206057790363803
0.999579655153522 0.000201557590777515 0.000218787255700062
0.999577046538772 0.000207402712951428 0.000215550748276328
0.999575425509441 0.000210883832243637 0.000213690658315359
0.999587143965509 0.000209031991448218 0.000203824043042609
0.999580792509338 0.000203930555458622 0.000215276935203523
0.99957166208266 0.000222052820063868 0.00020628509727659
0.999580454541866 0.000207793100876749 0.000211752357257722
0.999582106687076 0.000203816544370813 0.000214076768553037
0.999581813435792 0.000205520920499345 0.000212665643708597
0.999572377651802 0.000210280077934541 0.000217342270263533
0.999579164455762 0.000208768153146488 0.000212067391091506
0.999581840524429 0.000205489226339318 0.000212670249231455
0.999587247714878 0.000204125070826001 0.000208627214295912
0.999565797347414 0.000215301240245053 0.000218901412340898
0.999581332605249 0.000205701142045163 0.000212966252706021
0.999580939692846 0.000205948338155653 0.000213111968998591
0.999586771786338 0.000205502592462544 0.000207725621199498
0.999585185004562 0.000208281498383107 0.000206533497055307
0.999543018694792 0.000258308948368961 0.000198672356838728
0.999584290819302 0.000212215683297051 0.00020349349740066
0.999570723297059 0.000212958352260923 0.000216318350679833
0.9995642380595 0.000233480863462687 0.000202281077037077
0.999568617666455 0.000210790635149235 0.000220591698396077
0.999574231368298 0.000216659768136434 0.000209108863565233
0.999587551465323 0.00020385741744061 0.000208591117236195
0.999581202074793 0.000205740724153293 0.000213057201053432
0.99957459066512 0.000216465523754907 0.000208943811125027
0.999564152321968 0.000211005835121755 0.000224841842910132
0.999587401129218 0.000208775927675522 0.000203822943106248
0.999580957733726 0.000205784375703906 0.000213257890569924
0.999571279202358 0.000212766757941048 0.000215954039700765
0.999582480697072 0.000211336543815481 0.000206182759112466
0.999582012119879 0.000203820811696441 0.000214167068425056
0.999569436761855 0.000221860326621336 0.000208702911523291
0.99958245086709 0.000203820266981226 0.000213728865929273
0.999582511557102 0.000211325215569131 0.000206163227329107
0.999569802420348 0.000207168272923881 0.00022302930672807
0.999581794326248 0.000203828994084839 0.000214376679666968
0.999578251886527 0.000215857685303624 0.000205890428168922
0.999583592380645 0.000209639160962369 0.000206768458392303
0.99958500805587 0.000198979782200372 0.000216012161929268
0.999570744289755 0.000212930381401144 0.000216325328843408
0.999587179422296 0.000208993827090682 0.000203826750613202
0.999578266058812 0.000200660522373709 0.000221073418814588
0.999577655676243 0.000216482028305478 0.000205862295451312
0.999551855575274 0.000209810613179716 0.000238333811546067
