0.999907779312525 9.17619637548808e-05 4.58723720252867e-07
0.999902611009883 9.69310737642043e-05 4.57916353315178e-07
0.999814738619988 0.000184804526137641 4.56853874739735e-07
0.999999073777455 4.62576632134888e-07 4.63645912973327e-07
0.99999908979244 4.4976001198726e-07 4.6044754833855e-07
0.999728326131103 0.000271226623345866 4.47245550902845e-07
0.999981852615314 1.76954933660108e-05 4.51891319558114e-07
0.999999002323571 5.41740504253488e-07 4.55935925002008e-07
0.999754911334362 0.000244639662094554 4.49003543144719e-07
0.999999098407974 4.43416572092745e-07 4.58175453460602e-07
0.999991984786228 4.39819706259254e-07 7.57539406582059e-06
0.999987082229222 2.65478165407139e-06 1.02629891236135e-05
0.999999104099039 4.52264486944127e-07 4.43636474373347e-07
0.999325077902806 0.000674470168611475 4.51928582178495e-07
0.998924089150881 0.00107545303270171 4.57816417055708e-07
0.99999620035097 4.40041601132167e-07 3.35960742925583e-06
0.999998839018346 7.09917630869611e-07 4.51064022945709e-07
0.999998586898865 4.40147321920668e-07 9.72953813298297e-07
0.999993339828157 4.40032137974701e-07 6.22013970469806e-06
0.999999081881831 4.45693443619315e-07 4.72424724990819e-07
0.999998957525814 5.85644746444726e-07 4.56829439457194e-07
0.999999086123739 4.54357921382452e-07 4.59518339154908e-07
0.999999091404155 4.49858414675016e-07 4.58737430371914e-07
0.99999914634546 4.2861709673108e-07 4.25037443300192e-07
0.999999107152051 4.41119717510858e-07 4.51728231132519e-07
0.999998315465176 1.22229711001356e-06 4.62237713962631e-07
0.999998947281828 6.0224304203649e-07 4.50475130019547e-07
0.999264507475492 0.000735037087617756 4.55436889957502e-07
0.999984674775474 1.48666908787058e-05 4.58533647611826e-07
0.999993758697232 5.78351744709137e-06 4.57785321422244e-07
0.999998876816166 6.75523080675571e-07 4.47660753203127e-07
0.999998875087911 7.049481489701e-07 4.19963940392548e-07
0.999966174448698 4.66672063228248e-07 3.33588792391551e-05
0.999999093738604 4.52206692470412e-07 4.5405470327032e-07
0.999999137289643 4.44222221792394e-07 4.18488135715853e-07
0.983012887076386 0.0169685174912655 1.85954323489192e-05
0.999999102680036 4.46274622801119e-07 4.51045340986432e-07
0.999364234353458 0.000635306439470368 4.59207071724539e-07
0.999999102596601 4.39818096346604e-07 4.57585302797932e-07
0.999741628646986 4.71206513383096e-05 0.000211250701675801
0.999962059129001 3.74966243812124e-05 4.44246617962234e-07
0.999999091528406 4.55799898493447e-07 4.52671695599165e-07
0.99999487803397 4.50461312403528e-07 4.67150471756694e-06
0.999941401885322 5.81450985515168e-05 4.53016126931174e-07
0.999982727066194 4.43911824269424e-07 1.68290219822144e-05
0.999999092449854 4.58644624292692e-07 4.48905522106104e-07
0.97353094798171 0.0264685980126652 4.54005625058391e-07
0.999999107541846 4.40669823751641e-07 4.51788330237553e-07
0.999999027846154 5.21008048923839e-07 4.5114579741291e-07
0.999998641494134 9.47675521540896e-07 4.1083034471171e-07
0.999993258119802 4.4239092895001e-07 6.29948926932397e-06
0.999999090158709 4.52898026971612e-07 4.56943263562636e-07
0.997845429505873 3.12821390244606e-05 0.00212328835510264
0.999882430420112 0.000117094638826228 4.74941062042925e-07
0.999999105311166 4.4697471808525e-07 4.47714116070597e-07
0.994380082727038 0.005619451036931 4.66236030466699e-07
0.999999088097899 4.50039243099233e-07 4.61862858386444e-07
0.999990391050647 9.15611556099097e-06 4.52833791551326e-07
0.999855826258957 0.000143723739618795 4.50001424135753e-07
0.997684395946799 0.00231514994945572 4.54103745659067e-07
0.999998885762708 6.57386570417815e-07 4.56850721991279e-07
0.99977253836059 0.000227017864533341 4.43774876338792e-07
0.999942870598104 5.66767265079838e-05 4.52675387851997e-07
0.999999082709899 4.58972631727088e-07 4.58317469233914e-07
0.996998499536121 0.00300108379364731 4.16670231575022e-07
0.999674633442306 0.000158351273997243 0.000167015283696513
0.999621541335827 0.000378039836746147 4.18827426740797e-07
0.999978097043071 1.02558389206743e-05 1.16471180082239e-05
0.999243655813721 0.000755888625247118 4.55561032265993e-07
0.99988407256374 4.54980419868472e-07 0.000115472455840465
0.999999103254779 4.40038588164628e-07 4.56706632465638e-07
0.999924031220908 7.55211155751683e-05 4.47663516679362e-07
0.999999153267587 4.29595784384251e-07 4.17136628570204e-07
0.999999143512568 4.4003445773619e-07 4.1645297415704e-07
0.99992728303899 7.23016475779483e-05 4.15313432387939e-07
0.999999146241748 4.41819523253585e-07 4.11938728550465e-07
0.999999101413487 4.52389663956943e-07 4.46196848779289e-07
0.999999104550942 4.79128770908619e-07 4.16320287177475e-07
0.999986506514791 2.7240974643513e-06 1.07693877442103e-05
0.999999091367701 4.49858831684672e-07 4.58773466842195e-07
0.999930892832748 6.86882838768091e-05 4.18883375161959e-07
0.998607362422437 0.00139218073859263 4.56838970326345e-07
0.999952572764455 4.69712906132075e-05 4.55944932087848e-07
0.999998904095714 6.48105100685268e-07 4.47799185752946e-07
0.999999107367637 4.40400118675942e-07 4.52232244856095e-07
0.999999146100162 4.27440574432551e-07 4.26459263746007e-07
0.999986715701271 1.28649342580873e-05 4.1936447081564e-07
0.999999102397991 4.39823733882612e-07 4.57778274693682e-07
0.999999087851245 4.47636350072373e-07 4.64512404953356e-07
0.999989267052433 1.03124029962816e-05 4.2054457062416e-07
0.999999103353521 4.40647459346301e-07 4.55999019594838e-07
0.999999103844299 4.40266608241643e-07 4.55889092568661e-07
0.999999101398125 4.45773420089305e-07 4.52828455005056e-07
0.99999915216857 4.32587502032765e-07 4.15243928236367e-07
0.9999991060781 4.46737322245672e-07 4.47184577208302e-07
0.999937904617587 4.27626753440299e-07 6.166775565951e-05
0.999999081144449 4.71272663226935e-07 4.4758288795814e-07
0.999999098632616 4.44527885311762e-07 4.56839498182011e-07
0.999999104598303 4.44610579293563e-07 4.50791117959414e-07
0.999999100550383 4.5181246004525e-07 4.47637156849688e-07
0.999999103137361 4.4004202729005e-07 4.5682061122411e-07
0.999999102358036 4.46615505436422e-07 4.51026458119849e-07
0.999999066661953 4.78394424738351e-07 4.54943622502967e-07
0.999999101848411 4.4626712452219e-07 4.5188446432514e-07
0.999999092235023 4.52103008069167e-07 4.5566196918947e-07
0.999998948927179 4.41007516665817e-07 6.10065304137781e-07
0.986877965932203 0.0131215863879221 4.47679875241843e-07
0.999999098892406 4.48866641024594e-07 4.52240953164674e-07
0.984325351972041 0.0156741990245026 4.49003456657155e-07
0.99979399786363 0.00020555483057112 4.47305799398303e-07
0.976658989433513 0.0233405530445315 4.57521955234501e-07
0.99991890714391 8.06398780500772e-05 4.52978040266801e-07
0.999999087752797 4.57054911881042e-07 4.55192290937752e-07
0.999979898501387 1.96413210405927e-05 4.60177572156318e-07
0.999859286640129 4.92960285540878e-06 0.000135783757016059
0.999967563281707 3.19667337737205e-05 4.69984519398453e-07
0.99996183408819 4.44056355861923e-07 3.77218554541441e-05
0.99998012165777 1.94190286874496e-05 4.59313542830819e-07
0.999979435745363 7.02398864407852e-06 1.35402659929147e-05
0.940984247450215 0.0589863858863658 2.93666634195082e-05
0.99939521747276 0.000604297740014611 4.84787225290192e-07
0.999989006451337 1.05426444620827e-05 4.50904200900568e-07
0.998366782173892 5.09110091122205e-07 0.00163270871601645
0.999782272550384 0.000214449273548765 3.27817606747629e-06
0.999739018066526 0.000259285565598476 1.69636787519965e-06
0.999838296540619 0.000141348553838293 2.03549055426093e-05
0.999992490195127 7.09898898648582e-06 4.1081588626616e-07
0.999391125718634 0.000583543301639305 2.53309797272107e-05
0.98622129406495 0.0137782482246088 4.57710440873005e-07
0.999999095227724 4.46727165237604e-07 4.58045110390908e-07
0.999845973925295 0.000153606106320071 4.19968385420555e-07
0.956603637330388 0.0433751504110053 2.12122586067447e-05
0.999999103168793 4.40072498419231e-07 4.56758708454453e-07
0.999968288008923 3.12512939074845e-05 4.60697169591609e-07
0.999999104642346 4.44627033713029e-07 4.50730620598512e-07
0.999965711097535 4.39912196213768e-07 3.38489902692442e-05
0.999994736949827 4.84582785238799e-06 4.17222320518299e-07
0.999978250794298 2.13643791195068e-05 3.84826582656484e-07
0.999999068805873 4.60935306674487e-07 4.7025882068955e-07
0.999989234843447 1.03132164088427e-05 4.51940144251472e-07
0.999999074209699 4.57647942619944e-07 4.68142357959363e-07
0.999999044941072 4.97091489943738e-07 4.57967437754058e-07
0.999276638672086 0.000722908276546834 4.53051367256156e-07
0.999475852989393 0.000469372400231355 5.47746103756425e-05
0.999974104466088 2.54471148599601e-05 4.48419051937675e-07
0.989979716806187 0.0096386105220275 0.000381672671785499
0.999356934618659 0.000642604238060906 4.61143280272931e-07
0.999985536004466 1.40157750085157e-05 4.48220525579859e-07
0.996669068698266 0.00333048326776607 4.4803396778368e-07
0.999999093757135 4.44064460613442e-07 4.62178404699817e-07
0.999999100181421 4.51956507478883e-07 4.47862071705731e-07
0.999998946276918 6.09387433658369e-07 4.44335648296955e-07
0.999898771217399 0.000100775410481672 4.53372119292806e-07
0.999963362208988 3.61849540226475e-05 4.52836989816099e-07
0.999998963328559 4.48843689271814e-07 5.87827751460563e-07
0.999994609343587 6.25079836694927e-07 4.76557657623693e-06
0.999997943376388 1.59971560249741e-06 4.56908009249544e-07
0.999999091432902 4.49830208563556e-07 4.5873688983407e-07
0.999999090056714 4.42882883916615e-07 4.670604016575e-07
0.999896539908169 4.49227647830985e-07 0.000103010864182726
0.998996172866452 0.00100307887518861 7.48258359829695e-07
0.999997943795425 1.5897903516665e-06 4.664142230765e-07
0.999989929901228 9.61232728419763e-06 4.57771488070014e-07
0.999919284469267 8.0270622942775e-05 4.44907790047577e-07
0.999999147347061 4.29018468078066e-07 4.23634470563586e-07
0.999952135877169 4.7412386031807e-05 4.51736799268522e-07
0.983818046631696 0.0161815372851893 4.16083114403791e-07
0.99999595912862 3.59712849267035e-06 4.43742887364647e-07
0.999975535602295 2.40200706832841e-05 4.44327022031498e-07
0.999999103200937 4.40033787797743e-07 4.56765275378181e-07
0.999999098939369 4.4404963064215e-07 4.57011000466285e-07
0.999999094956383 4.56826144261845e-07 4.4821747238544e-07
0.999999096995085 4.43923524987825e-07 4.59081389901182e-07
0.999256306758942 0.000735282148061608 8.41109299692889e-06
0.99999907366955 4.51934672430211e-07 4.74395777701778e-07
0.986095739117726 0.0137990937285814 0.000105167153692734
0.9999991000204 4.46228656783286e-07 4.53750943346011e-07
0.999999096608394 4.50111131849206e-07 4.53280473709616e-07
0.999985590447185 1.39563395055459e-05 4.53213308959494e-07
0.999819965433722 6.55113380210281e-05 0.000114523228257234
0.999998687891494 8.6727879818134e-07 4.448297075828e-07
4.68473467313135e-07 0.999998759195726 7.72330806268363e-07
0.000485523673180247 0.999493029877047 2.14464497729405e-05
4.43136597433574e-07 0.99999910434715 4.52516252328635e-07
4.47404474397647e-07 0.999998444590902 1.10800462361526e-06
4.35937071644034e-07 0.999999134231501 4.2983142769775e-07
4.46452564200866e-07 0.999984897281415 1.4656266021155e-05
0.00570800769089536 0.994291533829246 4.58479859034726e-07
4.46030218360791e-07 0.999999103924509 4.50045272686458e-07
4.33926462026904e-07 0.999999134720843 4.3135269535399e-07
7.89478199438461e-05 0.999920619273654 4.32906402413195e-07
4.39185630022173e-07 0.999999120533093 4.40281277307843e-07
4.46694422963689e-07 0.997996944051964 0.00200260925361315
4.5681254225591e-07 0.999999130630902 4.12556555976679e-07
2.27982487013467e-05 0.996780803054165 0.00319639869713382
4.4291546504056e-07 0.999991035987228 8.52109730704882e-06
4.43652011082158e-07 0.999999113142106 4.43205883356039e-07
4.73160932314806e-07 0.999999033657378 4.93181690149677e-07
4.45449149780199e-07 0.999999100398062 4.54152788549944e-07
6.3470763280015e-05 0.999923796153514 1.27330832057699e-05
4.50107703130622e-07 0.999999094871498 4.55020798983626e-07
4.51579888989662e-07 0.999999086804796 4.6161531461949e-07
5.84724944143183e-07 0.999998973012278 4.42262777606284e-07
4.68944284196436e-07 0.999999073067668 4.57988047794805e-07
4.96162658285661e-07 0.999998998022274 5.05815067451358e-07
4.31551023315894e-07 0.999999129208851 4.39240125490554e-07
4.44643266415025e-07 0.999999116356822 4.38999911198628e-07
4.33970481066599e-07 0.999688023564989 0.000311542464529707
4.3713664466755e-07 0.999999112359643 4.50503712555231e-07
5.03418663976265e-07 0.999986087087838 1.34094934980629e-05
0.000446796379561337 0.999494720478264 5.84831421744175e-05
4.47285057075951e-07 0.99999911249819 4.40216753195434e-07
4.71211865045948e-07 0.999999067196744 4.61591391062526e-07
4.57093365774e-07 0.999999083766707 4.59139927625544e-07
6.30325487354451e-06 0.999993241696267 4.55048859113187e-07
5.00878623926821e-07 0.999999076085066 4.23036309856505e-07
5.33287400603886e-07 0.999139249247914 0.000860217464685829
9.08776074380717e-06 0.999888578408199 0.000102333831057028
4.45196695271569e-07 0.999999101825952 4.5297735329027e-07
4.71070166809819e-07 0.999999044039385 4.8489044805051e-07
4.43702771163072e-07 0.999999099170007 4.57127221563076e-07
4.62916594711629e-07 0.999987760377974 1.17767054309172e-05
0.00044709995927218 0.999552430446381 4.6959434683911e-07
2.34726707184035e-05 0.999976060492691 4.66836590210706e-07
4.68155956726023e-06 0.99998182925411 1.34891863223478e-05
0.9998775294523 5.59995813715885e-05 6.64709663279873e-05
0.999571660480741 0.000381689244699473 4.66502745596881e-05
4.56362815799724e-07 0.999999086599568 4.57037616458779e-07
4.50105998157801e-07 0.999999085965846 4.63928156052404e-07
1.85892417016343e-05 0.999833518346513 0.000147892411784935
4.81012188399525e-07 0.999997555522413 1.9634653986038e-06
1.91588111481782e-05 0.999980382856863 4.58331988533246e-07
4.27497334492562e-07 0.999954661609842 4.49108928235706e-05
2.96699709281273e-06 0.999996569838703 4.63164203727641e-07
4.42202530198932e-07 0.999999113222843 4.4457462705572e-07
4.32371887306377e-07 0.99999913647485 4.31153262320288e-07
4.47329357152606e-07 0.999965070150645 3.44825199982591e-05
4.4972733169194e-07 0.999999095675244 4.5459742402099e-07
5.35650666123525e-05 0.999801564013442 0.000144870919945904
0.00041191514880905 0.999587630628563 4.5422262825931e-07
4.4202301489205e-07 0.999999117937743 4.40039241704728e-07
4.4951629609395e-07 0.999999095864122 4.54619582420064e-07
9.61804349931479e-06 0.999989920475996 4.61480505190927e-07
6.72939133314539e-07 0.999998867347564 4.59713302177927e-07
0.00376162819209788 0.996198004133279 4.03676746234852e-05
4.39916058525155e-07 0.999990335861448 9.22422249346002e-06
0.00123933807841329 0.998759561094305 1.10082728219027e-06
4.42963754908295e-07 0.999710471439088 0.000289085597157278
0.00019856588988528 0.99980097443719 4.59672925152181e-07
4.75836145849129e-07 0.999999018667699 5.05496154866213e-07
1.09149260714162e-05 0.999907527804083 8.15572698454617e-05
4.28744063137193e-07 0.999999136856593 4.34399343826496e-07
0.0019153058673617 0.998084237530427 4.5660221150214e-07
0.000413474873734492 0.999586058423761 4.66702504446453e-07
4.51422278350286e-07 0.999999098699309 4.49878413043029e-07
4.32713593737281e-07 0.999999008356136 5.58930270293805e-07
4.5558564297544e-07 0.999999086109507 4.58304850282528e-07
4.50089834118161e-07 0.99999909514149 4.54768675955731e-07
4.42214617178669e-07 0.999999113199776 4.44585606392538e-07
0.995758901572597 0.00218105153835271 0.00206004688904992
0.992649799153825 0.0070198752316499 0.000330325614525567
0.980083746422477 0.0151784641905002 0.00473778938702323
0.921265400278334 0.0785759503648998 0.000158649356766499
4.85073302467564e-07 0.99999908741228 4.27514417913187e-07
4.52889508102939e-07 0.999999075360768 4.71749723859287e-07
4.42115066035089e-07 0.999960545069164 3.90128157695339e-05
4.38701100679762e-06 0.99538208988353 0.00461352310546309
4.4643708130024e-07 0.999999096394709 4.57168209954664e-07
4.4180565721243e-07 0.999998713529875 8.44664468182082e-07
0.000163763242850493 0.999835772547169 4.6420998071332e-07
0.000265923667815703 0.995432814569621 0.00430126176256311
4.58570996909594e-07 0.999998814596379 7.26832624455036e-07
0.000867772129502386 0.999131739888448 4.87982049896207e-07
4.57008588572152e-07 0.99999908373933 4.59252081270189e-07
8.17728920495668e-06 0.999990157408231 1.66530256374621e-06
4.56445000677581e-07 0.998641000495335 0.00135854305966472
4.67123618346347e-07 0.999999090112471 4.42763910762207e-07
4.373225220987e-07 0.999999113129577 4.49547901312257e-07
4.73117335643572e-07 0.999999038382417 4.88500246963573e-07
4.6056210858303e-07 0.999998633479886 9.05958005740435e-07
4.46449127260518e-07 0.999999110397071 4.4315380162868e-07
4.34024752949761e-07 0.999999118409486 4.47565761407238e-07
6.22015332900569e-07 0.999991615437731 7.76254693649689e-06
2.85963834025367e-05 0.999970932227665 4.71388932785874e-07
4.54922805870828e-07 0.999804752762556 0.000194792314638305
4.39658554691453e-07 0.999999117228554 4.43112891863264e-07
4.40810648668817e-07 0.999999123669771 4.35519580229689e-07
0.999434895300542 0.000564646994989708 4.57704468258847e-07
0.999877158255107 0.000122379505836446 4.62239056444777e-07
0.999763404016459 0.000236137187949588 4.58795591656637e-07
0.998874226667211 0.00109376246896962 3.20108638193756e-05
0.999864466457106 2.12841598310654e-06 0.000133405126911225
0.999999101493059 4.45808585229942e-07 4.52698355947133e-07
0.992061386330292 0.00793816595913011 4.47710577889355e-07
0.999537064117359 0.000462516248622668 4.19634018598e-07
0.988646534398614 0.0112869120006322 6.65536007539741e-05
0.977409278313483 0.00733077053029382 0.015259951156223
0.997255877489526 0.00274350985634657 6.12654127764774e-07
0.963861696733977 0.0361378393408124 4.63925210890213e-07
0.869558948425459 0.0108979138226193 0.119543137751922
0.999424895440843 0.000572553850253949 2.55070890279203e-06
0.999964807780337 3.47362218391106e-05 4.55997823483848e-07
0.999098793466646 0.000900747949205683 4.58584148379526e-07
0.975211445793604 0.0246557603249262 0.000132793881469931
0.998421073653724 0.000317450702333692 0.00126147564394273
0.984494828283028 0.0154401460331586 6.50256838133892e-05
0.998239350053132 0.000640022849526549 0.00112062709734182
0.751430186979124 0.0174004233318524 0.231169389689024
0.898012818443803 0.100419791502983 0.00156739005321344
0.98125031130217 0.000362620580198596 0.018387068117631
0.95447973962982 0.0455197749963326 4.85373847066625e-07
0.992988238015059 3.84787417807216e-06 0.00700791411076249
0.999995968659082 3.56447081576395e-06 4.66870102369367e-07
0.996520434098498 0.00314449425561518 0.000335071645886834
0.998215211613627 0.00153288610164779 0.000251902284725023
0.980481663698219 3.55188478379415e-06 0.0195147844169972
0.999999083605945 4.56137930513644e-07 4.60256124396576e-07
0.999979334368392 2.02158470203509e-05 4.49784587929935e-07
0.995460017434301 0.00453951310050608 4.69465192787287e-07
0.99296427423016 2.19951221422291e-05 0.00701373064769735
0.178056374409772 0.000203980256291895 0.821739645333936
0.999961138237946 3.84441696399988e-05 4.17592413739621e-07
0.996708838587935 0.00252697484304445 0.000764186569020874
0.928405225262468 0.0627715839528217 0.00882319078471014
0.999364170270368 0.000470813593415038 0.000165016136217436
0.999755113495002 6.98651749416436e-06 0.000237899987503594
0.980939184843219 0.0182940696181154 0.000766745538665515
0.903410772469174 0.0965396470975034 4.95804333222468e-05
0.999999092005482 4.59013970861015e-07 4.48980547152027e-07
0.737199343980783 0.0373110756578307 0.225489580361386
0.844510303978916 0.155489230937654 4.65083429919667e-07
0.282320417103609 0.717679110612236 4.72284154475644e-07
0.978474391915747 0.00310927959687442 0.0184163284873782
0.999987808055932 1.17381365421329e-05 4.53807526134812e-07
0.817335239774204 5.12932939646095e-07 0.182664247292856
0.987620287408722 0.000465438910973362 0.0119142736803047
0.999999153402702 4.29975089708362e-07 4.16622208448932e-07
0.999976233895362 2.33475077217108e-05 4.18596915945824e-07
0.999964512637835 2.04174899911395e-06 3.34456131653341e-05
0.999358379148987 0.000409738442905958 0.000231882408106862
0.40605171000546 0.592276234881187 0.00167205511335326
0.963510364280989 0.036364075545422 0.000125560173588919
0.999730086316089 0.000269423867701901 4.89816209166543e-07
0.993699768581949 0.000472406011865396 0.00582782540618575
0.968125276815597 0.00114172306917038 0.0307330001152322
0.909635116046267 0.016199980510954 0.0741649034427793
0.999998829461292 7.22835526171369e-07 4.47703181988179e-07
0.948762666518123 0.0501424628313373 0.00109487065053929
0.999777490842222 0.000132915070542995 8.95940872353284e-05
0.999912165534919 2.08935151532149e-05 6.69409499281104e-05
0.999876633279717 0.000121884115851076 1.48260443168716e-06
0.993976208425876 0.00329823778408157 0.00272555379004251
0.8522892481017 0.111539768864167 0.0361709830341334
0.983174774340378 0.0168247687946644 4.56864957789699e-07
0.997727051106748 0.00227253653986064 4.12353391298155e-07
0.854641562323884 0.145357972579281 4.6509683546086e-07
0.982393751027737 0.017605790996007 4.57976256020883e-07
0.999999102187374 4.46696325690669e-07 4.51116300726962e-07
0.820599753309313 0.0215827545380087 0.157817492152679
0.987535286629822 0.00015073356198144 0.0123139798081968
0.999721028892222 0.000278501916098707 4.69191679090806e-07
0.716052542637344 0.283947011146556 4.46216100380301e-07
0.9885709053922 0.0114235419760653 5.5526317350294e-06
0.998782286041863 0.000188915219685575 0.00102879873845157
0.999999088368942 4.53900755788964e-07 4.57730301731728e-07
0.985866441457453 0.014133100789039 4.57753507987633e-07
0.993296210789479 0.00629702245437114 0.000406766756149651
0.999999032205296 4.81757416779834e-07 4.86037287014742e-07
0.998975311341331 0.00102424746201285 4.411966558646e-07
0.942310268718034 0.0576892785846908 4.5269727486189e-07
0.974912441856433 0.00442882333199136 0.0206587348115755
0.999992359537308 7.18351411339944e-06 4.56948578788831e-07
0.987441208792299 1.60365735353007e-06 0.0125571875503475
0.996425099583556 0.000345108061216815 0.00322979235522729
0.999208161938203 0.000757501535943111 3.43365258539242e-05
0.997701825503011 0.0022977313149362 4.43182053066348e-07
0.815324691039515 0.184674855561087 4.53399397778512e-07
0.999468399098637 0.000531018135784428 5.82765578130161e-07
0.94940140781081 0.0392755575823998 0.0113230346067906
0.999999204838846 4.13763384025407e-07 3.813977704509e-07
0.999880685635693 4.70803072188482e-07 0.000118843561235249
0.96628669232043 0.0122662266621043 0.0214470810174657
0.999836418420326 0.000163130179028108 4.51400646283821e-07
0.997901650223597 0.00209790595993675 4.43816466238622e-07
0.973001776508926 0.0219168700358273 0.00508135345524692
0.782662329305572 0.0192691087486523 0.198068561945776
0.99796892485671 0.00203062106053639 4.54082753766921e-07
0.997955240689926 0.00198197227648367 6.27870335901292e-05
0.999998870181138 4.65439787274087e-07 6.64379075239083e-07
0.976825066801672 0.0231084146138302 6.65185844981765e-05
0.998852500622061 0.000697275722031395 0.000450223655907243
0.94779780885728 0.00298344762781579 0.0492187435149038
0.965520074786201 0.0343293866524018 0.000150538561397076
0.906648786093017 0.0933507687950141 4.45111969340674e-07
0.602831234036476 0.397142613494443 2.61524690809258e-05
0.999993590745821 5.99330642202438e-06 4.15947757114228e-07
0.999973157158552 2.63907931153928e-05 4.5204833221846e-07
0.999999036085134 5.02949852749378e-07 4.60965013696193e-07
0.999848980960211 4.46983775602176e-07 0.000150572056013206
0.999999081773977 4.60814546664248e-07 4.5741147599683e-07
0.988584520681292 0.00124854710397149 0.0101669322147364
0.962231727187382 0.0377678041804061 4.68632212220843e-07
0.0255817258311838 4.46955908308354e-07 0.974417827212908
0.991435242770013 4.46002134921789e-07 0.0085643112278522
0.999979378074396 1.37681904172268e-05 6.8537351872775e-06
0.999952632583431 2.23959143849176e-05 2.4971502184106e-05
0.999999061715362 4.82901893132118e-07 4.55382745260982e-07
0.999999100926149 4.52084739348605e-07 4.46989112132141e-07
0.99999909479018 4.49512312574718e-07 4.55697507295194e-07
0.999979510332406 4.46580427046311e-07 2.00430871664807e-05
0.999999092930492 4.59097872816749e-07 4.47971634752645e-07
0.999997183646752 2.36407304160556e-06 4.52280206708338e-07
0.998643281193341 4.39811573712657e-07 0.00135627899508492
0.999906976073023 9.25670664789161e-05 4.56860498370519e-07
0.999999102687149 4.46287530675126e-07 4.51025320619451e-07
0.999999060308226 4.84107089828177e-07 4.55584683786511e-07
0.999999105415395 4.46288588280472e-07 4.48296016169395e-07
0.999999089957679 4.58450752480528e-07 4.51591568218128e-07
0.999999096950829 4.43914410543357e-07 4.5913476064177e-07
0.99999164424889 7.89698492977432e-06 4.58766180127478e-07
0.999983872006707 1.56720538910191e-05 4.55939401815861e-07
0.99998471412989 1.48197280861432e-05 4.66142023997205e-07
0.999999105833977 4.46433017980102e-07 4.47733005457132e-07
0.99995873176885 4.08057075374754e-05 4.62523612145075e-07
0.999914479705274 4.45601673434656e-07 8.50746930525507e-05
0.999957665489566 4.18825664770702e-05 4.51943956865041e-07
0.999951449263169 3.91625548236903e-05 9.3881820073564e-06
0.998358560963655 0.0016409809162112 4.58120134088179e-07
0.999969402539636 4.48300059981743e-07 3.01491603045283e-05
0.999999091149955 4.44224836571745e-07 4.64625208947619e-07
0.999999102535012 4.46291196935146e-07 4.51173791131432e-07
0.999969191391448 4.46210465081159e-07 3.0362398086692e-05
0.999999087593846 4.56422881750661e-07 4.55983272469662e-07
0.999998868949554 7.49902740778818e-07 3.81147704797815e-07
0.999970204612795 4.46394007071417e-07 2.93489931978816e-05
0.999999153509218 4.29803791572043e-07 4.16686990213726e-07
0.999999060106539 4.68715592435946e-07 4.71177868159114e-07
0.99994251312151 4.49845397633705e-07 5.7037033092227e-05
0.999999145729219 4.33024763327042e-07 4.21246017633299e-07
0.999999155674358 4.24988778599727e-07 4.19336863009374e-07
0.999999101598184 4.46515409759788e-07 4.51886405977071e-07
0.99999909540112 4.48797553243769e-07 4.55801326956841e-07
0.999999090234338 4.43097292341015e-07 4.66668369881979e-07
0.999993949474698 4.51080878869361e-07 5.59944442274934e-06
0.999999096158236 4.50176636232462e-07 4.53665128182029e-07
0.997996227089599 0.00118136314067422 0.000822409769726824
0.999658281610598 0.000341261644947084 4.56744454437231e-07
0.999651271281421 0.000348269276026701 4.59442551950347e-07
0.998774017272285 0.0012255326568903 4.50070825209156e-07
0.999999142214151 4.39016548481708e-07 4.1876930091067e-07
0.999995920998388 3.62209796443199e-06 4.56903647709653e-07
0.999999103178634 4.40048228045394e-07 4.56773138260263e-07
0.999999102972409 4.4010692604814e-07 4.5692066493752e-07
0.999999143200237 4.42891432797153e-07 4.13908329761542e-07
0.999919852696886 7.96962830851291e-05 4.51020028569616e-07
0.999999144396623 4.32731601848451e-07 4.22871775022791e-07
0.999999103359631 4.40651438104829e-07 4.55988931210127e-07
0.999862664482243 0.00013688923541589 4.46282340926122e-07
0.999999101278245 4.45767522019553e-07 4.52954232676663e-07
0.999848889481003 0.000150657743739697 4.52775256797872e-07
0.999999086653934 4.49822752588033e-07 4.63523313125286e-07
0.999929348542446 3.82405791295604e-06 6.68273996406674e-05
0.999999151263094 4.3477936711334e-07 4.13957538705589e-07
0.999999089473845 4.49547113314661e-07 4.60979041292204e-07
0.999999102238528 4.39925777953298e-07 4.57835693796501e-07
0.99999909435705 4.4967426079745e-07 4.55968689066327e-07
0.999999101761341 4.44527587154979e-07 4.53711071804323e-07
0.999789709051416 0.000209832063819841 4.58884764443086e-07
0.999999095108587 4.52303614468004e-07 4.52587798714527e-07
0.999999093590911 4.44082386951176e-07 4.62326702103482e-07
0.999911984716338 8.75562248785924e-05 4.59058783049411e-07
0.999999102094342 4.46012747745899e-07 4.51892910166082e-07
0.999851355632734 0.00012099593983104 2.76484274346714e-05
0.999999150479917 4.28044620169143e-07 4.21475462285125e-07
0.999999092096341 4.43473146606105e-07 4.64430512791202e-07
0.997879863555866 2.24366878701152e-05 0.00209769975626431
0.999999144331519 4.31897185920256e-07 4.23771295150202e-07
0.999999095294744 4.45481552864596e-07 4.5922370286342e-07
0.996420911273912 0.00104102246960773 0.00253806625648003
0.999812183460221 0.000183185081378103 4.6314584006093e-06
0.99839865365089 6.60173470780046e-07 0.00160068617563939
0.999999103129699 4.40040674168039e-07 4.56829627065786e-07
0.999999105531888 4.46169968262347e-07 4.48298144170292e-07
0.9993958409472 4.52925926883609e-07 0.000603706126872565
0.999956173349042 4.33623883115942e-05 4.64262646513476e-07
0.999999090677825 4.50522345683271e-07 4.58799829178162e-07
0.999999150152335 4.24794306443709e-07 4.25053358823129e-07
0.999999102859779 4.40061867329721e-07 4.57078353379596e-07
0.999999091415516 4.49862334917827e-07 4.58722149131569e-07
0.999998530773355 4.399239950535e-07 1.02930264975722e-06
0.999657541011712 0.000168251192333185 0.000174207795954401
0.99999909282897 4.44885479485129e-07 4.62285550010796e-07
0.999999093787464 4.52228633879376e-07 4.53983902028749e-07
0.999999110980112 4.41056250859913e-07 4.47963637035756e-07
0.999999075273202 4.46594393224873e-07 4.78132405227436e-07
0.999999096784745 4.42463127063073e-07 4.60752127554967e-07
4.47102507931887e-07 4.4751556526636e-07 0.999999105381927
4.43661904498757e-07 4.48277581359721e-07 0.999999108060514
4.27673197664e-07 4.44447770435888e-07 0.999999127879032
4.43361016718342e-07 4.34568569520546e-07 0.999999122070414
4.43387261412701e-07 4.34449300916236e-07 0.999999122163438
4.48266235886831e-07 4.50150834538967e-07 0.99999910158293
4.43411800609404e-07 4.34449395167957e-07 0.999999122138804
4.43356676194246e-07 4.34568063375495e-07 0.99999912207526
4.47456709026515e-07 4.47675551435194e-07 0.99999910486774
4.43420009278967e-07 4.34711714590626e-07 0.999999121868276
4.42087956723451e-07 4.36035211690555e-07 0.999999121876832
4.58818377782562e-07 4.5800644373842e-07 0.999999083175178
4.53127054120308e-05 4.86144760345362e-07 0.999954201149828
4.43749507180017e-07 4.37284540027376e-07 0.999999118965953
4.3315687575665e-07 4.56869038033301e-07 0.999999109974086
4.48290470356893e-07 4.50195489885915e-07 0.99999910151404
4.55629035742988e-07 4.57351351693707e-07 0.999999087019613
4.43088320753446e-07 4.50559644482142e-07 0.999999106352035
4.31490498914162e-07 4.43484280148248e-07 0.999999125025221
6.65679687073821e-06 0.999633996801157 0.000359346401972478
4.32640423942401e-07 0.99998576513173 1.3802227845735e-05
1.41358257560889e-05 0.999985290513369 5.73660875191324e-07
4.52439667460594e-07 0.999999081992018 4.65568314592716e-07
4.42794957547239e-07 0.999999107913867 4.49291174997326e-07
4.38953331457522e-07 0.999973546445297 2.6014601371259e-05
5.28324624367434e-05 0.999946717882717 4.49654846022346e-07
4.36260073997107e-06 0.999993024481018 2.61291824231581e-06
4.55598654205475e-07 0.999999086088189 4.5831315665664e-07
4.72407745503195e-07 0.999999067915713 4.59676541980181e-07
4.60619479575443e-07 0.999999061640348 4.77740172800631e-07
0.000141152511002389 0.998107425258474 0.00175142223052366
4.50917132532801e-07 0.999999095699986 4.53382881624791e-07
4.39114103111325e-07 0.99999910066695 4.60218947114894e-07
4.51912469967508e-07 0.999999078852707 4.69234822826907e-07
4.49329473242894e-07 0.999998840631561 7.1003896546219e-07
4.44084265361487e-07 0.999482300353316 0.000517255562418512
0.00276002015627553 0.997239520566785 4.59276939390542e-07
7.12402077906145e-07 0.999998834359769 4.5323815340422e-07
4.55398445318733e-07 0.999999086335372 4.58266182773107e-07
4.34516201605661e-07 0.999990926123844 8.6393599541742e-06
4.44514793438283e-07 0.999999109461638 4.46023568119259e-07
0.00010457736767992 0.999196782240335 0.000698640391985041
5.06137702440447e-07 0.999999056084845 4.37777452970148e-07
4.41198744816137e-05 0.999955405948892 4.74176626705824e-07
4.75319515943484e-07 0.992856523469148 0.00714300121133595
1.06675355730069e-06 0.999998482843484 4.50402958499904e-07
4.7716079199476e-07 0.999999041499102 4.81340106064502e-07
5.00408848325384e-07 0.999999060907543 4.3868360892981e-07
0.00823706072795622 0.990390991927593 0.00137194734445129
4.56943667404787e-07 0.999999073814046 4.69242286600809e-07
3.34805335626975e-05 0.999966067397701 4.52068735984132e-07
4.81208933521221e-06 0.999884000171955 0.000111187738710129
0.0164437884934304 0.982527704884485 0.00102850662208491
4.4204292562854e-07 0.999999113190847 4.44766226948711e-07
4.53390821741416e-07 0.99999909155791 4.55051268252912e-07
4.55440237671762e-07 0.999999084447961 4.60111801568856e-07
4.80493741652565e-07 0.999999008981432 5.10524826477766e-07
4.35322550770044e-07 0.999999125051288 4.39626161463766e-07
1.9906183795884e-05 0.999811505690804 0.000168588125400004
0.00115543666937181 0.998844031790853 5.31539775173791e-07
9.68752981465585e-07 0.999998603184718 4.28062300173429e-07
4.50887276397719e-07 0.999999090628024 4.58484699732589e-07
4.48552457302908e-07 0.999999100155786 4.51291756572996e-07
7.46898487441057e-07 0.999998837603524 4.15497988413373e-07
0.00570658020747233 0.992256843125369 0.00203657666715895
4.56613334900705e-07 0.999644105383089 0.000355438003575913
4.47330279777562e-07 0.999999094350831 4.58318889040233e-07
4.49552544378582e-07 0.999999099974272 4.504731834011e-07
4.50781136396243e-07 0.999999091115239 4.58103624739431e-07
4.43444284290371e-07 0.999996916965366 2.63959034984856e-06
1.5479991471042e-05 0.999984075428961 4.4457956822034e-07
4.46837317678669e-07 0.999999103307509 4.49855173105326e-07
4.69138325276902e-07 0.99999906519301 4.65668665165893e-07
4.33641023545298e-07 0.999999116141676 4.50217300194827e-07
4.33810782974917e-07 0.999999118577502 4.47611714692413e-07
2.30448940685003e-06 0.99999727000985 4.25500742994095e-07
4.56639441287942e-07 0.999999074976497 4.6838406149726e-07
4.63592326489842e-07 0.999999116540904 4.19866769310077e-07
4.52082870455012e-07 0.999999088123813 4.59793316846701e-07
0.000178315612388616 0.999821227491152 4.5689645891125e-07
4.56157562358044e-07 0.999999077379189 4.66463248366951e-07
2.94176292580597e-05 0.997814993683643 0.00215558868709937
4.28767218113242e-07 0.999999137727792 4.33504990286945e-07
0.000151335672195073 0.999848240841175 4.23486629610373e-07
4.34511152873457e-07 0.999996481569513 3.08391933444793e-06
4.46899575846838e-07 0.999999096002434 4.57097989713937e-07
4.42922760589164e-07 0.99999911454597 4.42531269786038e-07
4.37587934783034e-07 0.999999122263884 4.40148181736379e-07
2.13305773387097e-05 0.999575137572285 0.000403531850376532
4.49419148371324e-07 0.999999101128228 4.49452623760645e-07
4.3372997542253e-07 0.9999990642439 5.02026124894017e-07
4.66556215377472e-07 0.999999052748713 4.80695072024906e-07
4.4594034950153e-07 0.999999021304427 5.32755223444516e-07
4.34114971676745e-07 0.999999132450504 4.33434524354411e-07
4.55814108085661e-07 0.999999083816458 4.60369433570028e-07
6.40235703600284e-06 0.999895707963586 9.78896793784694e-05
6.8112739065995e-05 0.999931417685778 4.69575156390844e-07
4.64947963581493e-07 0.999999118528852 4.16523184327676e-07
4.44888641536444e-05 0.999954186955629 1.32418021739664e-06
4.31119856648457e-07 0.999999131367068 4.37513075159222e-07
1.2154910760303e-05 0.999922016626908 6.58284623315317e-05
0.000324649090481102 0.999646844205151 2.85067043677171e-05
4.5647700019439e-07 0.99999864448294 8.99040060190798e-07
4.38402159278284e-07 0.999999129187158 4.32410682608923e-07
4.39475849757424e-07 0.999999103794654 4.5672949612326e-07
4.57858645117654e-07 0.999999068255225 4.73886129493313e-07
0.0188345906386172 0.979961439493251 0.00120396986813163
8.74122464829434e-05 0.999912136487051 4.51266466310491e-07
4.51181528451392e-07 0.999990738937671 8.80988080080062e-06
9.52294208133686e-06 0.992697274195269 0.00729320286265003
4.47930032047671e-07 0.99999909834625 4.53723718132438e-07
4.74406434292809e-07 0.999999103882134 4.21711431976798e-07
4.49532862493888e-07 0.999999100037766 4.5042937154356e-07
4.46689792398746e-07 0.999999096328096 4.56982111522231e-07
4.52434784876211e-07 0.999934314141704 6.52334235115112e-05
4.6020714742737e-07 0.999999070481302 4.69311551039631e-07
4.675960505329e-07 4.47683975868094e-07 0.999999084719974
4.50312240448263e-07 4.46087284912983e-07 0.999999103600475
4.47081679362492e-07 4.47131211467287e-07 0.999999105787109
4.41651307581314e-07 4.42873997845077e-07 0.999999115474695
4.41048658707943e-07 4.38617409359024e-07 0.999999120333932
4.44253292982446e-07 4.5118996059431e-07 0.999999104556746
4.444080013035e-07 4.4555431716565e-07 0.999999110037681
4.38821258788135e-07 4.44450285333197e-07 0.999999116728456
4.42054417034068e-07 4.36879283777805e-07 0.999999121066299
4.50311234448775e-07 4.46783726761887e-07 0.999999102905039
4.24631226297221e-07 4.81840633665492e-07 0.99999909352814
4.34126515989195e-07 4.74939734063084e-07 0.99999909093375
4.43774910455933e-07 4.47812146136539e-07 0.999999108412943
4.45196336136889e-07 4.47274787014537e-07 0.999999107528877
4.30940082211535e-07 4.51658584888007e-07 0.999999117401333
4.44946726014116e-07 4.36675674986516e-07 0.999999118377599
4.22290002735449e-07 4.70755655422407e-07 0.999999106954342
4.48100929392485e-07 4.71376492618924e-07 0.999999080522578
4.43442978350954e-07 4.34558605917771e-07 0.999999121998416
4.4371137405332e-07 4.47767023549979e-07 0.999999108521602
4.18951435543253e-07 4.51395811926926e-07 0.999999129652753
4.45885503673726e-07 0.999999105324617 4.48789879755201e-07
4.48225995015461e-07 0.999999095100617 4.56673388228323e-07
4.67537331408261e-07 0.999999076475467 4.5598720112054e-07
4.55821310399637e-07 0.999797532507168 0.000202011671521656
4.32081550886681e-07 0.999999128398845 4.39519604464795e-07
0.0049417911997598 0.931361028143503 0.0636971806567375
0.000920180420034215 0.999075134947287 4.68463267895556e-06
4.49426679228738e-07 0.999999095858099 4.54715221750216e-07
4.39139182520702e-07 0.999999099928499 4.60932318558425e-07
4.46685600437981e-07 0.999999096468075 4.56846324419108e-07
1.51415083895183e-05 0.999983965456331 8.93035279516458e-07
4.53222797893922e-07 0.999999091878836 4.54898365727266e-07
3.0591261198765e-05 0.999968944731807 4.64006994368169e-07
4.55087435320522e-07 0.999999075113906 4.69798658830216e-07
4.53736897593186e-07 0.99998487432128 1.46719418220416e-05
4.2714963400427e-07 0.999999137116907 4.35733459358738e-07
4.49076038921926e-07 0.999999101759641 4.49164320098943e-07
4.43842542294505e-07 0.999999108944456 4.47213002095125e-07
4.47001276997626e-07 0.999999109807076 4.4319164748475e-07
6.14669764993861e-05 0.999938084454802 4.48568698841305e-07
4.39066888476634e-07 0.999999093748589 4.67184522687674e-07
4.50189139232973e-07 0.99999909314827 4.56662590989986e-07
4.54428668185322e-07 0.99999909415787 4.51413461826552e-07
0.000584196038388235 0.999415340506415 4.63455197117611e-07
4.4569086299387e-07 0.999999105680489 4.48628648152755e-07
4.47415131125023e-07 0.999999105166947 4.47417921974926e-07
4.48813021362637e-07 0.999999102175946 4.49011032447365e-07
2.09992426257773e-05 0.974023817240508 0.0259551835168667
4.42920815167507e-07 0.999999117661157 4.3941802774452e-07
4.60230794441076e-06 0.999994943425456 4.5426659994977e-07
4.6079367441997e-07 0.999999078151726 4.6105459943247e-07
0.000141425247419667 0.996610344991835 0.00324822976074588
4.52564479830936e-07 0.999999081579917 4.65855603278729e-07
0.000587169894814839 0.999403791006558 9.03909862739744e-06
5.30339025470632e-07 0.999999036076193 4.33584781589023e-07
4.77053241744175e-07 0.999999064587904 4.58358853932719e-07
4.56648772407624e-07 0.999999076494028 4.66857200100404e-07
4.47320680033359e-07 0.999999092917947 4.59761373232651e-07
4.56179388903527e-07 0.999999094002541 4.49818069794096e-07
4.49633513386728e-07 0.97872058260275 0.021278967763737
4.3951581731575e-07 0.999998900547226 6.59936957106223e-07
4.57142706833423e-07 0.999999090590228 4.52267065121643e-07
0.108765300957077 0.891234222670131 4.76372791320529e-07
4.5732637437687e-07 0.999999087268364 4.55405261978878e-07
4.86272031558439e-07 0.999999014975866 4.9875210196359e-07
6.10305442622772e-07 0.999998857235813 5.3245874378579e-07
4.56048089428328e-07 0.999987794374467 1.1749577443825e-05
4.84633810582929e-07 0.999999087351284 4.28014905822817e-07
4.19567857217325e-07 0.999999143409306 4.37022836499258e-07
0.0015000031543477 0.998470832562571 2.91642830808313e-05
3.99096783791846e-06 0.999995574118145 4.34914017482136e-07
1.23626671998914e-05 0.999987179426015 4.57906785313999e-07
4.14743013758835e-06 0.999995398257725 4.54312136970538e-07
4.86716202736166e-07 0.999999078624592 4.3465920542762e-07
8.62518129027658e-05 0.99991191393531 1.83425178720235e-06
4.32170982218693e-07 0.999999119512188 4.48316829977135e-07
1.72416714744461e-05 0.999982300641406 4.57687120053302e-07
4.456813233474e-07 0.999999105744495 4.48574181186243e-07
4.54978399293987e-07 0.999999090331045 4.54690556157941e-07
4.45238295539586e-07 4.35188529113442e-07 0.999999119573175
4.45231646671962e-07 4.35185310135329e-07 0.999999119583043
4.45628835470895e-07 4.35244875590931e-07 0.999999119126289
4.59944452942479e-07 4.6238778685025e-07 0.99999907766776
4.48418908738733e-07 4.45159380295396e-07 0.999999106421711
2.52095081369199e-06 4.45551197290364e-07 0.999997033497989
4.56829153397917e-07 4.4559656127228e-07 0.999999097574285
4.45223117019385e-07 4.35699802321266e-07 0.999999119077081
4.23958412239668e-06 0.999995310914597 4.4950128019087e-07
4.48170000463693e-07 0.999999106124943 4.45705056207612e-07
5.61903201058766e-07 0.999999017888355 4.20208443568401e-07
0.00141709235212735 0.998582481645619 4.26002253517862e-07
5.33523269341024e-07 0.999999023331085 4.43145645154514e-07
4.52389776083505e-07 0.999999082177641 4.65432583386715e-07
4.61262383598378e-07 0.999969839346745 2.96993908717553e-05
4.39670346545348e-07 0.999999117204196 4.43125457806157e-07
4.50123335136746e-07 0.999999085629308 4.64247357174142e-07
4.62993257407808e-07 0.999999065538344 4.71468398608957e-07
4.4296780124395e-07 0.999999106963414 4.50068784325537e-07
4.37919953820109e-07 0.99999911846672 4.43613326588469e-07
4.75890865016502e-07 0.999999025689096 4.98420039367835e-07
6.71155389838455e-05 0.99993242213439 4.62326625598694e-07
4.28310349394602e-07 0.999999133546504 4.38143146491125e-07
4.34459405471097e-07 0.999999131177906 4.34362689012298e-07
4.55471658014788e-07 0.999999084415752 4.60112589921802e-07
4.42753986979541e-07 0.999998769833409 7.87412604026526e-07
4.55997291016437e-07 0.999999092040389 4.51962320218568e-07
4.60149584625383e-07 0.99999907906223 4.6078818587465e-07
4.47347141464213e-07 0.999999099397118 4.53255740463236e-07
4.49743289816616e-07 0.99999909564353 4.54613179882732e-07
4.52134658364922e-07 0.999999095905607 4.51959735120386e-07
4.49786307251723e-07 0.999999098870584 4.51343108794754e-07
4.69295179056993e-07 0.999999122063551 4.08641269517429e-07
4.51320616205557e-07 0.999999092594823 4.56084560864001e-07
1.98009404374722e-06 0.999959598043279 3.8421862677518e-05
4.36643788818922e-07 0.999999113260932 4.50095279642417e-07
4.57660077675616e-07 0.999992453471893 7.08886802951279e-06
4.78072160548705e-07 0.999999062703785 4.59224054610353e-07
4.4806051010912e-07 4.37819292240466e-07 0.999999114120198
4.38326835053971e-07 0.000864772137059837 0.999134789536105
4.39069296639646e-07 4.3694651907906e-07 0.999999123984184
4.43305469039789e-07 4.38394672630843e-07 0.999999118299858
4.50233890163595e-07 4.58020686666097e-07 0.999999091745423
4.43387413601142e-07 4.34569465609601e-07 0.999999122043121
4.55980969864027e-07 4.7089745625052e-07 0.999999073121574
4.48431087137795e-07 4.55472902406585e-07 0.99999909609601
4.43787594581982e-07 4.34830631688957e-07 0.999999121381774
4.40422434243562e-07 4.36145320863577e-07 0.999999123432245
4.50484373854816e-07 4.46075696983071e-07 0.999999103439929
4.27325692615097e-07 4.48451937397304e-07 0.99999912422237
4.39564319100023e-07 4.39254896857913e-07 0.999999121180784
4.46584421923921e-07 4.60136354146066e-07 0.999999093279224
4.40941044739429e-07 4.4267471112598e-07 0.999999116384244
4.50102806180385e-07 2.66871253366235e-06 0.99999688118466
4.47053344087112e-07 4.4754989660817e-07 0.999999105396759
4.4330512531241e-07 4.40225815271402e-07 0.999999116469059
4.55684675461267e-07 4.57365729636655e-07 0.999999086949595
4.48487137377093e-07 4.45288045242757e-07 0.999999106224817
4.45441341459336e-07 4.47417662354988e-07 0.999999107140996
4.45308231815039e-07 4.35209640814372e-07 0.999999119482127
6.28705360542513e-07 5.34649252618857e-07 0.999998836645387
1.8616130295302e-05 3.99932176313389e-06 0.999977384547941
4.50795825656481e-07 4.3592733189156e-07 0.999999113276843
4.43333486573186e-07 4.38402876169599e-07 0.999999118263637
0.00272283055429356 4.45621136082456e-07 0.99727672382457
4.56781011525229e-07 4.45600378905878e-07 0.99999909761861
4.5039437408186e-07 4.46687268033247e-07 0.999999102918358
4.47837954777003e-07 4.34252358537277e-07 0.999999117909687
4.40140437601936e-07 4.48830605602764e-07 0.999999111028957
4.48437347985866e-07 4.45309383167925e-07 0.999999106253269
4.43570115506597e-07 4.34444650946723e-07 0.999999121985233
4.5000870936126e-07 4.66307421933457e-07 0.999999083683869
4.50390236732094e-07 4.46685045408254e-07 0.999999102924718
4.4854243040357e-07 4.45292886592014e-07 0.999999106164683
4.81435250436589e-07 4.69765253575041e-07 0.999999048799496
4.47005564303769e-07 4.48267523116657e-07 0.999999104726913
4.39081843724329e-07 4.36522561271646e-07 0.999999124395595
4.470117679888e-07 4.47138889195222e-07 0.999999105849343
4.43449636056046e-07 4.57559542491373e-07 0.999999098990821
0.000117808430885917 4.45559659743376e-07 0.999881746009454
4.50049140337338e-07 4.58534589297457e-07 0.99999909141627
1.33335124798572e-05 4.46094039495446e-07 0.999986220393481
4.47774964430537e-07 4.37679467228565e-07 0.999999114545568
4.39670586906152e-07 4.34766638184754e-07 0.999999125562775
4.42153461326237e-07 4.36030258251682e-07 0.99999912181628
4.48612009904101e-07 4.34141949508035e-07 0.999999117246041
4.64487755818982e-07 6.9503448930181e-07 0.999998840477755
8.85299830390163e-07 4.45151020245158e-07 0.999998669549149
4.67096537780526e-07 4.47724746678624e-07 0.999999085178715
9.22365263591303e-07 4.49729900816964e-07 0.999998627904836
4.34428598437629e-07 4.42173640602278e-07 0.999999123397761
4.52849483877565e-07 4.48685826920871e-07 0.999999098464689
4.43463703353165e-07 4.34454855540345e-07 0.999999122081441
0.0157231796861846 4.36658541683234e-07 0.984276383655274
0.00119073563028437 4.50181253087663e-07 0.998808814188463
4.48487087766362e-07 4.45288054663816e-07 0.999999106224858
4.50330051607442e-07 4.46094766243297e-07 0.999999103575182
0.000241943043571886 4.60165123245207e-07 0.999757596791305
4.35546785636661e-07 4.56729059607091e-07 0.999999107724155
4.54870492166859e-07 4.35672110969478e-07 0.999999109457397
4.43492916869073e-07 4.3838515834578e-07 0.999999118121925
4.4210553957265e-07 4.36359780588825e-07 0.99999912153468
4.39660488136232e-07 4.34771386183344e-07 0.999999125568126
4.39636741262974e-07 4.34769632441588e-07 0.999999125593626
4.42187861604201e-07 4.36034854230713e-07 0.999999121777284
4.59087709561586e-07 4.45610309769903e-07 0.999999095301981
4.48954015475587e-07 4.34570716617795e-07 0.999999116475268
4.512050943693e-07 4.3479317446782e-07 0.999999114001731
4.47060506205815e-07 4.47127642876711e-07 0.999999105811851
4.39032033329027e-07 4.37397297138602e-07 0.99999912357067
4.47013679258963e-07 4.4713895379474e-07 0.999999105847367
4.44944221246607e-07 4.75251351293808e-07 0.999999079804427
4.60409878206057e-07 4.56389361181363e-07 0.999999083200761
4.51069145275105e-07 4.46902343877487e-07 0.999999102028511
4.42549897227311e-07 4.36406175547951e-07 0.999999121043927
4.40375804992539e-07 4.3619400121807e-07 0.999999123430194
0.000540853168315341 4.51245917970273e-07 0.999458695585767
4.45093687509942e-07 3.47408242939629e-06 0.999996080823883
4.47133975360745e-07 4.47122008515488e-07 0.999999105744016
4.43357211179215e-07 4.34564369549139e-07 0.999999122078419
4.43216521079873e-07 4.38431241186737e-07 0.999999118352238
4.53538483880946e-07 4.45061502388085e-07 0.999999101400014
4.45436692548109e-07 4.51171443498134e-07 0.999999103391864
0.00011885195971064 2.38116281659836e-05 0.999857336412123
4.5391907737457e-07 4.62458833118739e-07 0.99999908362209
4.43657111034626e-07 4.48266019578686e-07 0.999999108076869
4.45806393392645e-07 4.35537962427736e-07 0.999999118655644
4.44871729462342e-07 4.45107087814025e-07 0.999999110021183
4.90998721976584e-07 4.63349941311505e-07 0.999999045651337
4.44301059208743e-07 4.45936037900902e-07 0.999999109762903
4.40365317907189e-07 4.36195353701752e-07 0.999999123439328
4.45261804899204e-07 4.46593849731945e-07 0.999999108144345
4.35053571624693e-07 4.55490999263249e-07 0.999999109455429
4.54752085510993e-07 4.35668457620391e-07 0.999999109579457
4.42072995772902e-07 4.36394312986261e-07 0.999999121532691
4.56359475436126e-07 4.5945717757829e-07 0.999999084183347
1.16877640528022e-06 4.3444938618806e-07 0.999998396774209
4.48428160493582e-07 4.45303526693677e-07 0.999999106268313
4.51257231025511e-07 4.46512433266353e-07 0.999999102230336
4.51394584841226e-05 4.50164700893198e-07 0.999954410376815
4.478376610923e-07 4.34375070718953e-07 0.999999117787268
4.51265430770331e-07 4.46939828812098e-07 0.99999910179474
4.43766315195217e-07 4.37839498219346e-07 0.999999118394187
4.46102630700887e-07 4.49582077040862e-07 0.999999104315292
4.52751308069832e-07 0.000198438346184981 0.999801108902507
4.4976263709482e-07 4.54681724207489e-07 0.999999095555639
9.90947081594332e-05 4.4754402407812e-07 0.999900457747817
4.4792310027542e-07 4.34144232347699e-07 0.999999117932667
4.2764644960506e-07 4.44990495711701e-07 0.999999127363055
0.00337473295820139 6.28897347577153e-07 0.996624638144451
4.46974771376672e-07 4.47642272787927e-07 0.999999105382956
4.48578211452257e-07 4.87846824927491e-07 0.999999063574964
0.012235320054815 0.0263824322920664 0.961382247653119
4.43379746326267e-07 4.34700516767438e-07 0.999999121919737
4.51622137639642e-07 4.85615072547819e-07 0.99999906276279
4.41322034182092e-07 4.36713382433934e-07 0.999999121964583
4.39032208350613e-07 4.36539128007346e-07 0.999999124428664
1.68324567381315e-06 4.38357794154912e-07 0.999997878396532
4.2327629676425e-06 4.72279500289695e-07 0.999995294957532
4.39638677212694e-07 4.34908898253425e-07 0.999999125452425
4.47129086269367e-07 4.47122506011829e-07 0.999999105748408
3.039473800168e-06 4.39313864942735e-07 0.999996521212335
4.97352905320559e-07 4.65902318959023e-07 0.999999036744776
4.50468060823764e-07 4.46076923330022e-07 0.999999103455016
4.53581836114786e-07 4.56215196656554e-07 0.999999090202967
0.00639569284238104 2.06165358497147e-05 0.993583690621769
4.50512044816981e-07 4.47476026604878e-07 0.999999102011929
4.43090607109104e-07 4.50573550592629e-07 0.999999106335842
4.48527994668964e-07 4.45446415733179e-07 0.99999910602559
4.39638660283777e-07 4.34769791597249e-07 0.999999125591548
4.49093650451079e-07 4.50655351915993e-07 0.999999100250998
4.43097852608807e-07 4.50537663015071e-07 0.999999106364484
4.48455455930912e-07 4.45154656122348e-07 0.999999106389888
4.50725585674172e-07 4.4691138870581e-07 0.999999102363026
4.50968733212102e-07 4.3480151919425e-07 0.999999114229748
0.341143241273175 0.0923217127354141 0.566535045991411
0.999999102179128 4.46709607271211e-07 4.51111264990069e-07
0.920649579527882 0.0784127379675736 0.000937682504544134
0.999876415492683 0.000123120518650565 4.63988666468147e-07
0.158703720287979 0.84129583703785 4.42674171206614e-07
0.986170517574785 4.7994568690786e-07 0.0138290024795279
0.783034083241624 0.216714621638922 0.000251295119454467
0.873919996009349 0.126079538911096 4.6507955445815e-07
0.663538294302976 0.336461212525759 4.93171264928991e-07
0.997823552038115 0.0021759834730341 4.64488850779737e-07
0.982627778282546 0.0173715500928709 6.71624583008549e-07
0.651361873578553 0.348587713629543 5.04127919037742e-05
0.992313033906395 0.00743417932689187 0.000252786766713272
0.996703811007556 0.00321546898213841 8.07200103056253e-05
0.80974049939691 0.190032501411926 0.000226999191164016
0.999849563317399 0.000149972258193058 4.64424407386437e-07
0.583438141020391 0.416198656671124 0.000363202308485049
0.409359583760976 0.590618918945397 2.14972936270382e-05
0.558548040679521 0.441451503248271 4.5607220817331e-07
0.916930362448272 0.0830691640020511 4.73549676933887e-07
4.65167433306584e-07 4.46965960338554e-07 0.999999087866606
0.489709447246282 0.000132446781033211 0.510158105972684
4.82077944077347e-07 0.000624032589653018 0.999375485332403
4.45760639447937e-07 4.35832310651785e-07 0.99999911840705
0.000164499516120166 4.6655175660008e-07 0.999835033932123
0.0325791178823979 4.74281484067147e-07 0.967420407836118
4.50255906331637e-07 4.46739591926068e-07 0.999999103004502
0.526514177870941 4.58843906971816e-07 0.473485363285152
0.49594223759142 0.504057321175 4.41233579611548e-07
0.847189841134204 0.152803964719255 6.19414654078435e-06
0.916082050777714 0.083917486102421 4.63119865382939e-07
0.543265578009769 0.446773484003844 0.00996093798638743
0.81339146201411 0.185037072394103 0.00157146559178733
0.91368141242803 0.0845987952324065 0.00171979233956381
0.713535566210698 0.273339774443919 0.0131246593453828
0.836420617065496 0.163578937262435 4.4567206899936e-07
0.726553418475971 0.27344612844853 4.53075499205212e-07
0.10948737004185 0.890512180704474 4.49253675756101e-07
0.0426427723867135 0.957356776462129 4.51151157745915e-07
0.0163068692327772 0.983692706973471 4.2379375222988e-07
0.974754392187365 0.0252451550300008 4.52782633946968e-07
0.502293294866374 0.49770622298734 4.82146285665809e-07
0.939091523972683 0.060908010115803 4.65911513838803e-07
0.965448677953639 0.0261430567734846 0.00840826527287597
0.012904948514174 0.987094605767337 4.45718488997089e-07
0.362234724898647 0.631430794595448 0.00633448050590492
0.140152702865657 0.859846846128463 4.51005880503331e-07
0.991779761199749 0.00820446052631214 1.57782739384684e-05
0.975436731539767 0.0232568019593558 0.00130646650087747
0.977287336953465 0.0215539912564257 0.00115867179010923
0.270784361789817 0.729215157009221 4.81200962407701e-07
0.412313375328455 0.585014204617024 0.00267242005452112
0.514877528004732 0.485066169486299 5.63025089697695e-05
0.937175026326463 0.00136495190039266 0.061460021773144
0.145855480463922 0.854144068880263 4.50655815470965e-07
0.981845399416334 0.018154137690465 4.62893201272156e-07
0.955729330143273 0.0442702000887578 4.69767968897869e-07
0.525299267981249 0.474700276683815 4.55334935304666e-07
0.965330307656842 0.0346692354867622 4.56856396085245e-07
0.987827482411461 0.00500130382143401 0.00717121376710457
0.999978810358277 2.07387486485607e-05 4.50893074825434e-07
0.626165216298725 0.367431465741415 0.00640331795985998
0.722634000601918 0.277365538756577 4.6064150561254e-07
0.999675195863614 0.000324353048618368 4.5108776790068e-07
0.961681151925214 0.0381637649469371 0.000155083127848651
0.983864470860165 0.0161022716958621 3.3257443972834e-05
0.998729903916027 0.00125828695285449 1.18091311188471e-05
0.500640137495212 0.499359373037938 4.8946685008527e-07
0.978242701657195 0.021756838910961 4.59431844158792e-07
0.605693889014692 0.394305653046646 4.57938662272186e-07
0.822938950436203 0.177033327721973 2.77218418234472e-05
0.873912800124721 0.126086747189103 4.52686175894238e-07
0.513657202039164 0.486325429728665 1.73682321715623e-05
0.991397275657675 0.00860229933458885 4.25007736558758e-07
0.978038954805492 0.001761642684067 0.0201994025104412
0.00266778093879175 1.60060040945019e-05 0.997316213057114
0.00437987780802196 4.62223820734066e-07 0.995619659968157
0.00680361702144105 4.59849001780756e-07 0.993195923129557
0.130000077562637 4.54006958271236e-05 0.869954521741536
4.45154165094087e-07 1.34981056745583e-05 0.99998605674016
1.63469763170514e-05 5.76135424988001e-06 0.999977891669433
0.069979060365752 3.65323668546877e-05 0.929984407267393
0.00039496603409226 4.47259118250288e-07 0.999604586706789
4.38872985778641e-07 4.48627855009443e-07 0.999999112499159
0.000706995773179429 4.4562304642147e-07 0.999292558603774
4.50663770214052e-07 4.6161627539759e-07 0.999999087719954
0.0252737505922866 4.54190884711338e-07 0.974725795216829
6.94953207129594e-05 4.355933144534e-07 0.999930069085973
0.139550523423509 0.0379642509372346 0.822485225639256
0.0620253809193532 0.000204690012655415 0.937769929067992
0.166141383342333 1.75459409505482e-05 0.833841070716717
4.64629242573329e-07 5.75695535357373e-07 0.999998959675222
1.07384463143479e-06 4.67191853349614e-07 0.999998458963515
0.702013118911883 4.7289915533333e-07 0.297986408188962
0.014872799791086 5.81994990046495e-07 0.985126618213924
4.60806600844474e-07 4.47932285655571e-07 0.999999091261114
6.52297819734657e-07 7.41196382155651e-07 0.999998606505798
0.324948571560381 4.38119891852422e-07 0.675050990319727
4.67741065497803e-07 4.58231390039957e-07 0.999999074027545
2.48446624692622e-06 4.34445003051655e-07 0.99999708108875
4.2861653594683e-07 4.43246330309893e-07 0.999999128137134
4.47679227448227e-07 4.42083769111053e-07 0.999999110237003
4.50299456267496e-07 4.46784013428658e-07 0.99999910291653
0.0159274862648493 5.40948885878293e-07 0.984071972786265
0.00751097680326225 0.00013646904530561 0.992352554151432
4.47719061419629e-07 4.74906789823133e-07 0.999999077374149
0.00328830704881574 0.926408372808236 0.0703033201429485
0.126843418857811 0.873140072779261 1.65083629277547e-05
0.0355956826865579 1.1862243665055e-05 0.964392455069777
0.00452136079456947 3.87782589590822e-05 0.995439860946471
0.0256676108431899 5.46560136680451e-07 0.974331842596673
0.000479173058305457 4.5817779036606e-07 0.999520368763904
0.0848036106528143 0.000388446055527052 0.914807943291659
4.66276571617361e-07 4.87945241213546e-07 0.999999045778187
0.00263143304562452 1.65703977539475e-05 0.997351996556621
4.74289885458874e-07 4.64536422871574e-07 0.999999061173692
0.0184425709495761 2.17013659588916e-06 0.981555258913828
0.00889700231686013 4.54647676801518e-07 0.991102543035463
5.43419876325239e-07 2.07760844765385e-06 0.999997378971676
4.4326383167634e-07 4.40137479620297e-07 0.999999116598689
0.000642870869581433 4.48938295100176e-07 0.999356680192124
5.7026009372571e-06 2.95651691021136e-06 0.999991340882152
0.000583054188859309 4.42705929329306e-07 0.999416503105211
0.391084279060216 0.00081318848647266 0.608102532453311
0.248926706350144 5.44375653685417e-05 0.751018856084487
0.0231553517434481 3.63174002808227e-05 0.976808330856271
0.750679352193704 0.222890977031637 0.026429670774659
0.999987848049873 4.39904866871787e-07 1.17120452596498e-05
0.9998777071228 0.000121849129350998 4.43747849348741e-07
0.999937914130857 5.18877037136821e-06 5.68970987715903e-05
0.999988444061481 1.10991465890133e-05 4.5679193015896e-07
0.999999075121558 4.503299258411e-07 4.74548516302787e-07
0.988574104476462 0.00981889886955034 0.00160699665398754
0.999999042537542 4.87123088469549e-07 4.703393695868e-07
0.999924688887505 4.50291909715033e-07 7.48608205852404e-05
0.999999088924032 4.43622766530957e-07 4.67453201044838e-07
0.978803311089671 0.0211962319593195 4.56951009727219e-07
0.999999101940665 4.46245326609613e-07 4.51814008008795e-07
0.999957429086036 4.2112411765045e-05 4.58502198660253e-07
0.999999015208287 5.29080376120275e-07 4.55711336507836e-07
0.999999103254866 4.40038497730636e-07 4.56706635849734e-07
0.999984872348438 1.4666777440344e-05 4.60874121664725e-07
0.999746022685782 6.91083110192656e-05 0.000184869003198937
0.999999095710985 4.50317683095056e-07 4.53971331938799e-07
0.999999130969757 4.46470822925871e-07 4.22559419764043e-07
0.999998965554414 5.81132617054185e-07 4.53312969202719e-07
0.999999106914803 4.40179204782785e-07 4.52905992485886e-07
0.999999075221484 4.465951736734e-07 4.78183341825148e-07
0.999999085727211 4.49620681396027e-07 4.64652107314638e-07
0.999990661588586 8.87398332231782e-06 4.6442809133981e-07
0.999993341523585 4.46292595663429e-07 6.21218381968899e-06
0.97599648316009 0.0233300048849616 0.000673511954948063
0.999994164078378 5.38409256746879e-06 4.51829054974862e-07
0.999999093831526 4.44027256419578e-07 4.62141217958983e-07
0.99999910218887 4.46001514746313e-07 4.51809614788477e-07
0.999997253914497 2.29775465446459e-06 4.48330848384123e-07
0.999999073689153 4.62413614213031e-07 4.63897232640781e-07
0.999999091597848 4.49847434689511e-07 4.58554717504712e-07
0.999936365326011 6.31723732311055e-05 4.62300757802429e-07
0.999999102414653 4.39818064050387e-07 4.57767282822665e-07
0.99999910266709 4.46284045099558e-07 4.51048864984265e-07
0.99999915347415 4.29968334997282e-07 4.16557514645459e-07
0.999772283397297 9.03295566266787e-05 0.000137387046076441
0.930375294392879 0.0617108498454828 0.00791385576163779
0.99999906511526 4.6878052155978e-07 4.6610421888277e-07
0.999998757049803 6.5120790782728e-07 5.91742289590005e-07
0.999988663828639 4.57001707442201e-07 1.08791696539703e-05
0.999982433076342 1.36977597969944e-05 3.86916386097888e-06
0.999999102135156 4.46013741416815e-07 4.51851102579253e-07
0.999503382480024 5.40232581118872e-06 0.000491215194164754
0.999999090470353 4.56368568339129e-07 4.5316107891667e-07
0.999998846541441 7.28829639153109e-07 4.2462891981509e-07
0.999999103208923 4.40032434384753e-07 4.56758642715204e-07
0.999985470631117 1.40724352218131e-05 4.56933661583532e-07
0.999985925091081 1.02903264832536e-06 1.30458762703041e-05
0.999997137191879 2.41086712892647e-06 4.51940991856777e-07
0.999999107102043 4.4064225818544e-07 4.52255698463102e-07
0.999926854142802 5.32288307459464e-05 1.99170264519362e-05
0.999999143236634 4.39212876539091e-07 4.17550489081749e-07
0.999966990969385 3.25373115147922e-05 4.71719100151126e-07
0.999999093452776 4.44120012282847e-07 4.62427211922439e-07
0.999999095788723 4.48755923391785e-07 4.55455353945744e-07
0.99999909000747 4.49214374107785e-07 4.60778155535843e-07
0.999997205399464 2.33053350395135e-06 4.64067032021872e-07
0.999704453520385 4.40563488459127e-07 0.000295105916126886
0.999999105931479 4.46418492181325e-07 4.47650029201161e-07
0.999997086684059 2.46691518685558e-06 4.46400754514544e-07
0.999993036881345 6.50088087708891e-06 4.6223777781086e-07
0.999999097019576 4.51088800212242e-07 4.51891623551897e-07
0.999986560034502 1.29821026671236e-05 4.57862831232337e-07
0.999999089367683 4.49524879303704e-07 4.61107437363884e-07
0.999999104087603 4.52791749369064e-07 4.43120647690645e-07
0.999999075944438 4.56965631450175e-07 4.67089930449254e-07
0.999853829550837 0.000145713652063957 4.56797098760389e-07
0.999999100444665 4.5176553106792e-07 4.47789803562182e-07
0.999985947946776 1.36038647567784e-05 4.4818846721489e-07
0.999999100206826 4.51948520301959e-07 4.47844653970364e-07
0.999999095787481 4.50318923386491e-07 4.53893595587476e-07
0.999950720329219 4.88308811435537e-05 4.48789637378801e-07
0.958666877067366 4.43501807175498e-07 0.041332679430827
0.999999091270682 4.51708226560072e-07 4.57021091238048e-07
0.999948064372753 4.45396882075601e-07 5.14902303651039e-05
0.999998657326887 8.81652077634974e-07 4.61021035298895e-07
0.986777321301588 0.0131006553941884 0.000122023304223943
0.999999143817638 4.37391393437227e-07 4.18790968379917e-07
0.999988560538043 5.03196894196753e-07 1.0936265062522e-05
0.999994805627962 4.7332824474004e-06 4.61089590640621e-07
0.999999093829039 4.4402479728876e-07 4.6214616342137e-07
0.999997760141797 1.77619455613404e-06 4.63663646780086e-07
0.99274592607156 0.0068309174122017 0.000423156516237966
0.999999086671885 4.57106463013277e-07 4.56221652358651e-07
0.99731468163281 1.79277931669108e-05 0.00266739057402357
0.999990303608784 9.23946393314027e-06 4.56927283206571e-07
0.996224263930268 1.46727490786694e-05 0.00376106332065327
0.999442355629279 3.79402650128167e-05 0.0005197041057078
0.999998807308498 7.1877357047614e-07 4.73917931060357e-07
0.999993991874443 5.55267654359532e-06 4.554490132278e-07
0.999999101926463 4.46218158610524e-07 4.51855378353092e-07
0.99996980051667 4.50316650985399e-07 2.97491666786682e-05
0.999987009072313 4.47157728310236e-07 1.25437699583318e-05
0.999998450352227 1.09282713099926e-06 4.56820641502205e-07
0.992655505942649 0.00734404019345614 4.53863895279318e-07
0.999347973553097 0.000651562464093002 4.63982809951422e-07
0.999999090302631 4.5639645233847e-07 4.53300917017419e-07
0.99998045618653 1.709768654733e-05 2.44612692311102e-06
